labels 4 2 1
2 0.302392 0.64004 0.0575675
2 0.11561 0.862947 0.021443
2 0.118513 0.851835 0.0296518
2 0.145689 0.796376 0.0579348
2 0.143181 0.7955 0.0613187
2 0.198436 0.70295 0.0986138
2 0.211439 0.641262 0.147298
2 0.277944 0.64753 0.0745261
2 0.277242 0.659689 0.063069
2 0.349732 0.599644 0.0506241
2 0.255134 0.690479 0.0543866
2 0.158908 0.764944 0.0761479
2 0.0775418 0.865716 0.0567426
2 0.0416192 0.92528 0.0331007
2 0.0201632 0.9627 0.0171367
2 0.0217234 0.959435 0.0188413
2 0.0475618 0.899352 0.0530864
2 0.0969167 0.77848 0.124603
2 0.105619 0.776121 0.11826
2 0.0872981 0.852289 0.0604126
2 0.0659702 0.887728 0.0463018
2 0.0897783 0.85264 0.0575812
2 0.114144 0.77465 0.111205
2 0.178183 0.747058 0.0747599
2 0.215136 0.707039 0.0778247
2 0.215728 0.733614 0.0506578
2 0.18194 0.780592 0.0374681
2 0.178374 0.80837 0.0132559
2 0.266394 0.720013 0.0135933
2 0.31326 0.668237 0.0185038
2 0.298447 0.656204 0.0453493
2 0.287127 0.657396 0.055477
2 0.189097 0.769459 0.0414433
2 0.0890116 0.876263 0.0347252
2 0.115018 0.850219 0.0347637
2 0.0802951 0.896072 0.0236329
2 0.0815322 0.89855 0.0199178
2 0.0684706 0.902308 0.029221
2 0.0964056 0.856258 0.0473365
2 0.12304 0.837997 0.0389633
2 0.0976349 0.869243 0.0331222
2 0.0514529 0.892175 0.0563725
2 0.0384372 0.918218 0.043345
2 0.0590752 0.898589 0.0423361
2 0.0515753 0.909314 0.0391102
2 0.0357224 0.937456 0.0268214
2 0.0279592 0.936969 0.0350713
2 0.0439093 0.905856 0.050235
2 0.0498231 0.903587 0.0465899
2 0.027281 0.940194 0.0325254
2 0.0171832 0.958757 0.0240597
2 0.00874659 0.966179 0.0250746
2 0.00490073 0.977884 0.0172157
2 0.00560668 0.965886 0.0285076
2 0.0169039 0.926537 0.0565587
2 0.0410668 0.908103 0.05083
2 0.066853 0.905461 0.0276856
2 0.0626825 0.918801 0.0185163
2 0.166686 0.803822 0.0294917
2 0.436354 0.448613 0.115033
