labels 4 2 1
4 0.551408 0.34707 0.101523
2 0.278949 0.63172 0.0893315
2 0.271405 0.632344 0.0962519
2 0.176187 0.706169 0.117643
2 0.209967 0.628867 0.161166
2 0.310901 0.505598 0.1835
4 0.515218 0.328197 0.156585
4 0.703975 0.153455 0.14257
4 0.793373 0.0757262 0.130901
4 0.666895 0.088477 0.244628
4 0.673005 0.0802337 0.246762
4 0.688734 0.0597426 0.251524
4 0.710918 0.0525448 0.236538
4 0.66439 0.0358684 0.299742
4 0.531627 0.023398 0.444975
1 0.3555 0.0257527 0.618747
1 0.397865 0.0332334 0.568901
1 0.444288 0.0746009 0.481111
1 0.398777 0.128711 0.472511
1 0.230055 0.152175 0.61777
1 0.240256 0.136642 0.623103
1 0.391577 0.127077 0.481346
4 0.757367 0.0599291 0.182704
4 0.845373 0.0399411 0.114686
4 0.864077 0.0453565 0.0905662
4 0.884411 0.046709 0.0688803
4 0.706955 0.0362156 0.256829
4 0.59148 0.0243659 0.384154
4 0.547918 0.0231659 0.428916
1 0.437173 0.0141075 0.548719
1 0.479712 0.0223689 0.497919
4 0.582899 0.0386071 0.378494
4 0.525112 0.0488417 0.426046
1 0.464786 0.0632568 0.471957
4 0.503449 0.0733074 0.423243
4 0.481393 0.11584 0.402768
1 0.361559 0.114594 0.523848
1 0.251012 0.0936454 0.655343
1 0.351383 0.083557 0.56506
1 0.375616 0.0700287 0.554356
4 0.53199 0.0799529 0.388058
4 0.445993 0.110645 0.443363
4 0.583472 0.149975 0.266553
4 0.680961 0.16314 0.1559
4 0.54575 0.256846 0.197404
4 0.408136 0.392796 0.199068
4 0.416555 0.338376 0.245068
4 0.465577 0.225588 0.308835
4 0.429677 0.251634 0.318689
4 0.545272 0.21776 0.236968
4 0.721488 0.12368 0.154831
4 0.851352 0.0614951 0.0871526
4 0.848843 0.0467127 0.104444
4 0.774256 0.0605835 0.16516
4 0.72346 0.0884558 0.188084
4 0.660657 0.0820752 0.257268
4 0.704482 0.067068 0.22845
4 0.738083 0.0617602 0.200157
4 0.751216 0.0613168 0.187467
4 0.731078 0.0383639 0.230558
