labels 4 2 1
4 0.570854 0.120438 0.308708
4 0.386387 0.358557 0.255057
4 0.389558 0.353343 0.257099
1 0.168006 0.321812 0.510182
1 0.125793 0.276048 0.598159
1 0.0930738 0.166539 0.740387
1 0.134807 0.277628 0.587565
1 0.140232 0.271972 0.587796
1 0.155138 0.238472 0.60639
1 0.158827 0.309427 0.531745
1 0.171749 0.386856 0.441396
2 0.140157 0.467954 0.391889
2 0.163633 0.517235 0.319131
1 0.0873157 0.242391 0.670293
1 0.0623785 0.277897 0.659724
1 0.0556782 0.295806 0.648516
1 0.0520452 0.406077 0.541878
1 0.069331 0.396776 0.533893
1 0.0727525 0.369678 0.55757
1 0.0885939 0.330186 0.58122
1 0.171093 0.30834 0.520568
1 0.196038 0.300848 0.503114
1 0.0929175 0.420654 0.486428
2 0.0749227 0.498624 0.426453
2 0.0582354 0.486829 0.454936
2 0.164715 0.464145 0.37114
2 0.226507 0.492545 0.280947
2 0.269258 0.613437 0.117305
2 0.277819 0.66519 0.0569905
2 0.255201 0.696778 0.0480213
2 0.170258 0.777031 0.0527112
2 0.143998 0.777354 0.0786486
2 0.0748461 0.820331 0.104823
2 0.0632278 0.844357 0.0924152
2 0.0548282 0.82703 0.118142
2 0.111284 0.78616 0.102556
2 0.123516 0.72911 0.147374
2 0.0625171 0.832783 0.1047
2 0.0758937 0.825632 0.0984743
2 0.206822 0.686101 0.107077
2 0.244293 0.633292 0.122414
2 0.243649 0.64807 0.108282
2 0.137241 0.7439 0.11886
2 0.091707 0.830076 0.0782174
2 0.158347 0.749884 0.0917694
2 0.0960899 0.804748 0.0991618
2 0.0629667 0.867655 0.0693785
2 0.0412915 0.900764 0.0579444
2 0.0464466 0.914795 0.038758
2 0.0491003 0.914011 0.036889
2 0.0686658 0.883484 0.0478499
2 0.0687175 0.868992 0.0622903
2 0.145899 0.802394 0.0517068
2 0.175875 0.741833 0.0822918
2 0.14948 0.73526 0.11526
2 0.110491 0.658934 0.230575
2 0.0492824 0.58251 0.368207
2 0.0635306 0.578844 0.357625
1 0.118888 0.435362 0.44575
2 0.289096 0.390345 0.320559
