labels 4 2 1
4 0.493134 0.287484 0.219383
2 0.260029 0.566608 0.173364
2 0.174812 0.568699 0.256489
2 0.148443 0.632167 0.21939
2 0.225582 0.633803 0.140616
2 0.207972 0.679206 0.112822
2 0.231679 0.659381 0.10894
2 0.224253 0.643331 0.132416
2 0.150882 0.734369 0.11475
2 0.151915 0.76008 0.0880051
2 0.164815 0.767465 0.0677206
2 0.0963197 0.86219 0.0414907
2 0.043964 0.935205 0.0208308
2 0.0130025 0.972078 0.0149199
2 0.00819715 0.975218 0.0165852
2 0.0109268 0.963324 0.0257495
2 0.0158599 0.961183 0.0229571
2 0.00956534 0.976579 0.0138562
2 0.012997 0.957657 0.0293463
2 0.0414823 0.90748 0.0510379
2 0.0631925 0.889908 0.0468996
2 0.163527 0.785484 0.0509882
2 0.234663 0.661988 0.103349
2 0.249325 0.61346 0.137215
2 0.257645 0.566815 0.175541
2 0.251172 0.596315 0.152513
2 0.133438 0.72409 0.142473
2 0.0333442 0.875462 0.0911936
2 0.0300148 0.883707 0.0862785
2 0.0387941 0.820745 0.140461
2 0.158348 0.699833 0.141819
2 0.286367 0.447855 0.265778
2 0.356134 0.43168 0.212186
2 0.339143 0.466611 0.194246
2 0.318439 0.4335 0.248062
2 0.305105 0.459311 0.235584
2 0.20905 0.53656 0.25439
2 0.174391 0.698344 0.127265
2 0.31031 0.561219 0.128471
2 0.412478 0.435947 0.151575
4 0.51555 0.34964 0.13481
2 0.415529 0.427088 0.157383
2 0.308567 0.571689 0.119745
2 0.273582 0.600394 0.126024
2 0.280034 0.586825 0.133141
2 0.266102 0.611084 0.122814
2 0.263679 0.634685 0.101635
2 0.191804 0.694626 0.11357
2 0.172115 0.734624 0.0932605
2 0.258793 0.593529 0.147679
2 0.314449 0.486021 0.19953
2 0.360298 0.515256 0.124445
2 0.446376 0.455027 0.0985974
4 0.504839 0.422355 0.0728063
4 0.487834 0.424855 0.0873109
2 0.393608 0.538328 0.0680638
2 0.387323 0.54498 0.0676972
4 0.523255 0.417765 0.0589807
4 0.603164 0.335089 0.061747
4 0.762186 0.153222 0.0845923
