Secondary Structure Prediction Output by cSVM (Part of BalancedSSP)
TARGET: P10415-1, Length: 60

SR#  AA  cSVM  pBeta  pCoil  pHelix
1    M   H     0.329  0.328  0.343
2    A   H     0.329  0.294  0.377
3    H   H     0.318  0.277  0.406
4    A   H     0.319  0.270  0.412
5    G   H     0.327  0.286  0.387
6    R   H     0.321  0.299  0.380
7    T   H     0.331  0.319  0.351
8    G   H     0.327  0.330  0.343
9    Y   C     0.332  0.338  0.331
10   D   C     0.335  0.351  0.315
11   N   C     0.332  0.377  0.290
12   R   C     0.340  0.380  0.281
13   E   C     0.359  0.365  0.276
14   I   E     0.361  0.354  0.284
15   V   E     0.364  0.350  0.286
16   M   E     0.361  0.354  0.285
17   K   C     0.354  0.366  0.280
18   Y   E     0.362  0.358  0.279
19   I   C     0.353  0.365  0.283
20   H   C     0.355  0.374  0.271
21   Y   C     0.353  0.378  0.269
22   K   C     0.332  0.396  0.272
23   L   C     0.328  0.392  0.281
24   S   C     0.333  0.388  0.279
25   Q   C     0.348  0.383  0.269
26   R   C     0.333  0.395  0.272
27   G   C     0.333  0.386  0.280
28   Y   E     0.365  0.351  0.285
29   E   E     0.375  0.344  0.281
30   W   C     0.356  0.363  0.281
31   D   C     0.342  0.386  0.272
32   A   C     0.341  0.386  0.273
33   G   C     0.333  0.394  0.273
34   D   C     0.332  0.394  0.274
35   V   C     0.338  0.384  0.278
36   G   C     0.340  0.394  0.266
37   A   C     0.348  0.389  0.263
38   A   C     0.352  0.391  0.257
39   P   C     0.353  0.393  0.254
40   P   C     0.365  0.385  0.250
41   G   C     0.337  0.404  0.259
42   A   C     0.341  0.399  0.260
43   A   C     0.345  0.396  0.259
44   P   C     0.343  0.396  0.261
45   A   C     0.354  0.389  0.257
46   P   C     0.349  0.392  0.259
47   G   C     0.351  0.388  0.261
48   I   C     0.341  0.391  0.268
49   F   C     0.334  0.392  0.275
50   S   C     0.336  0.398  0.266
51   S   C     0.326  0.406  0.268
52   Q   C     0.326  0.410  0.264
53   P   C     0.326  0.412  0.262
54   G   C     0.327  0.407  0.266
55   H   C     0.333  0.402  0.265
56   T   C     0.330  0.409  0.261
57   P   C     0.341  0.404  0.256
58   H   C     0.347  0.397  0.256
59   P   C     0.343  0.395  0.261
60   A   C     0.336  0.401  0.263
