labels 4 2 1
2 0.166781 0.635544 0.197675
2 0.086898 0.846448 0.0666537
2 0.115232 0.767434 0.117334
2 0.056364 0.666752 0.276884
2 0.0555997 0.652676 0.291724
2 0.0533113 0.708713 0.237976
2 0.0439755 0.838705 0.11732
2 0.0239565 0.824618 0.151425
2 0.0306335 0.755034 0.214333
2 0.0497794 0.602725 0.347496
1 0.0557223 0.337616 0.606662
1 0.050239 0.183074 0.766687
1 0.0627623 0.195304 0.741934
1 0.104775 0.268698 0.626526
2 0.136449 0.451672 0.411879
2 0.12169 0.600811 0.2775
2 0.0718833 0.764284 0.163832
2 0.055883 0.846137 0.0979797
2 0.0204477 0.932214 0.047338
2 0.00788913 0.949942 0.0421688
2 0.0120382 0.940312 0.0476498
2 0.0169654 0.928531 0.0545032
2 0.0142485 0.947336 0.0384154
2 0.0139343 0.945687 0.0403789
2 0.0300072 0.87655 0.0934431
2 0.0720958 0.74051 0.187395
2 0.107575 0.668758 0.223668
2 0.0916208 0.662243 0.246136
2 0.085645 0.62408 0.290275
1 0.142736 0.294714 0.56255
1 0.176838 0.102573 0.72059
1 0.259652 0.0985156 0.641832
1 0.254823 0.182223 0.562954
1 0.214526 0.27035 0.515124
1 0.175524 0.307997 0.516479
1 0.0797342 0.365364 0.554901
2 0.0429814 0.564105 0.392913
1 0.0366762 0.444733 0.518591
1 0.0395316 0.348989 0.61148
1 0.0505048 0.188894 0.760602
1 0.0682451 0.146048 0.785707
1 0.159165 0.10069 0.740146
1 0.167658 0.0827203 0.749622
1 0.249829 0.133657 0.616514
1 0.182416 0.200584 0.617
1 0.180366 0.197215 0.62242
1 0.210393 0.280041 0.509567
2 0.236752 0.44125 0.321998
2 0.301223 0.4712 0.227577
2 0.266954 0.474059 0.258986
4 0.342344 0.337592 0.320063
2 0.393226 0.405424 0.201351
2 0.388076 0.402775 0.209149
2 0.271638 0.406692 0.32167
2 0.245767 0.447861 0.306372
2 0.275408 0.471787 0.252805
4 0.453715 0.420981 0.125304
4 0.61775 0.294502 0.0877485
4 0.554557 0.355678 0.0897649
4 0.743368 0.178616 0.0780157
