labels 4 2 1
2 0.342071 0.590535 0.0673944
2 0.149654 0.824621 0.0257257
2 0.135048 0.844384 0.0205684
2 0.152079 0.823099 0.0248222
2 0.129211 0.852154 0.0186349
2 0.173119 0.798542 0.0283388
2 0.183042 0.767811 0.0491467
2 0.192635 0.766805 0.0405601
2 0.212963 0.725333 0.0617042
2 0.312804 0.604995 0.0822005
2 0.327451 0.597899 0.0746494
2 0.30421 0.647346 0.0484432
2 0.336701 0.619215 0.0440842
2 0.463314 0.504982 0.0317034
2 0.460584 0.479648 0.059767
2 0.349002 0.592106 0.0588917
2 0.258811 0.646114 0.0950752
2 0.239181 0.593002 0.167817
2 0.157326 0.499712 0.342961
2 0.150895 0.450107 0.398998
2 0.151505 0.523273 0.325223
2 0.207772 0.593465 0.198763
2 0.290857 0.599166 0.109976
2 0.422537 0.466868 0.110594
2 0.369776 0.50808 0.122144
2 0.197388 0.63844 0.164172
2 0.140166 0.63791 0.221925
2 0.144204 0.618752 0.237045
2 0.0916033 0.721079 0.187318
2 0.134977 0.640557 0.224466
2 0.20148 0.635299 0.163221
2 0.246196 0.62261 0.131194
2 0.168274 0.522786 0.30894
2 0.156485 0.669113 0.174403
2 0.156666 0.750088 0.0932461
2 0.203742 0.755788 0.0404694
2 0.134062 0.84543 0.0205082
2 0.137594 0.846149 0.0162573
2 0.131697 0.846637 0.0216663
2 0.107495 0.881688 0.0108174
2 0.0917916 0.893405 0.0148038
2 0.069276 0.920318 0.0104059
2 0.101798 0.882155 0.0160478
2 0.0963623 0.891504 0.0121337
2 0.0784319 0.913987 0.00758137
2 0.0964652 0.896056 0.00747894
2 0.106959 0.882895 0.0101462
2 0.110853 0.869465 0.0196822
2 0.0902522 0.885554 0.024194
2 0.0979034 0.866787 0.0353097
2 0.121197 0.83279 0.046013
2 0.122467 0.82395 0.0535827
2 0.116199 0.81976 0.0640409
2 0.10365 0.829382 0.0669681
2 0.154911 0.781603 0.0634861
2 0.181107 0.733402 0.085491
2 0.281338 0.556722 0.16194
2 0.309981 0.521326 0.168693
2 0.319741 0.573894 0.106365
4 0.522591 0.396291 0.0811178
