labels 4 2 1
4 0.582081 0.326247 0.0916724
2 0.261891 0.686807 0.0513021
2 0.211889 0.736817 0.0512946
2 0.0714177 0.868698 0.0598838
2 0.0156286 0.96416 0.0202111
2 0.0223662 0.964509 0.0131244
2 0.0256464 0.956508 0.0178459
2 0.0311689 0.957241 0.0115897
2 0.0390443 0.951196 0.00975943
2 0.0427678 0.950354 0.00687816
2 0.0284007 0.953502 0.0180977
2 0.0263831 0.950856 0.0227613
2 0.0174737 0.93247 0.0500565
2 0.026043 0.916476 0.0574813
2 0.0224149 0.934336 0.0432494
2 0.0394102 0.935339 0.0252512
2 0.086334 0.882564 0.0311022
2 0.128709 0.854073 0.0172173
2 0.107856 0.870824 0.0213193
2 0.126484 0.855252 0.0182642
2 0.113777 0.872917 0.0133056
2 0.0861512 0.906652 0.00719721
2 0.030662 0.961036 0.00830183
2 0.0195044 0.972743 0.00775297
2 0.0170122 0.95991 0.0230777
2 0.0129352 0.949957 0.0371079
2 0.013036 0.953088 0.033876
2 0.0115341 0.955992 0.0324741
2 0.0146517 0.934709 0.050639
2 0.0235316 0.915069 0.0613997
2 0.0171132 0.940717 0.0421701
2 0.00612193 0.978172 0.0157059
2 0.00675706 0.981111 0.0121315
2 0.00706753 0.965771 0.0271613
2 0.0059975 0.968456 0.0255462
2 0.00732428 0.955841 0.0368349
2 0.0289881 0.913888 0.0571238
2 0.0593404 0.895689 0.0449702
2 0.0613655 0.906794 0.0318408
2 0.0422493 0.92611 0.0316404
2 0.0583312 0.89213 0.0495392
2 0.0601499 0.898566 0.0412842
2 0.0737494 0.88489 0.0413603
2 0.0406899 0.91583 0.0434799
2 0.028583 0.956024 0.0153929
2 0.0159269 0.974329 0.00974455
2 0.00585762 0.991557 0.00258565
2 0.00643128 0.990953 0.00261581
2 0.0148563 0.979301 0.00584268
2 0.0224383 0.969534 0.00802745
2 0.0126286 0.978921 0.00845028
2 0.00682683 0.985297 0.00787615
2 0.00649892 0.986726 0.00677459
2 0.0203134 0.96831 0.0113769
2 0.0397868 0.929366 0.0308468
2 0.026482 0.948351 0.0251668
2 0.0237291 0.957172 0.0190984
2 0.0310018 0.958857 0.0101413
2 0.0264425 0.967386 0.00617157
2 0.153462 0.823038 0.0234997
