labels 4 2 1
4 0.628434 0.35159 0.019976
4 0.589921 0.394175 0.0159046
4 0.688468 0.284018 0.0275134
2 0.451972 0.509636 0.0383923
2 0.255427 0.718197 0.0263761
2 0.2278 0.74883 0.0233697
2 0.177326 0.811242 0.0114319
2 0.249162 0.736249 0.0145891
2 0.340885 0.645992 0.0131235
2 0.409266 0.577845 0.012889
2 0.351048 0.640959 0.00799359
2 0.255566 0.740569 0.00386451
2 0.257203 0.739044 0.00375244
2 0.291083 0.705104 0.00381283
2 0.270359 0.72505 0.00459127
2 0.350902 0.642197 0.0069001
2 0.182714 0.813742 0.00354472
2 0.118158 0.879149 0.0026928
2 0.105955 0.892221 0.00182396
2 0.135003 0.862916 0.00208157
2 0.20442 0.790547 0.00503226
2 0.166326 0.826699 0.00697434
2 0.162777 0.82935 0.00787302
2 0.135788 0.855223 0.00898874
2 0.123722 0.869167 0.00711075
2 0.173247 0.818384 0.00836906
2 0.192106 0.802659 0.00523465
2 0.113642 0.880856 0.00550181
2 0.0852599 0.908883 0.0058571
2 0.119859 0.873565 0.00657662
2 0.142455 0.849361 0.00818433
2 0.0815123 0.910943 0.00754477
2 0.0561619 0.937835 0.0060029
2 0.0235059 0.974864 0.00162987
2 0.0196396 0.979474 0.000886137
2 0.0687299 0.930312 0.000957987
2 0.0803856 0.918257 0.00135781
2 0.0967017 0.902008 0.00128992
2 0.076173 0.922586 0.00124067
2 0.112679 0.885315 0.00200601
2 0.0805383 0.917514 0.00194786
2 0.0670141 0.930668 0.00231743
2 0.0738531 0.924706 0.00144085
2 0.148219 0.85001 0.00177115
2 0.0819066 0.91656 0.00153375
2 0.116925 0.880686 0.00238884
2 0.174822 0.822702 0.00247563
2 0.21574 0.781966 0.0022936
2 0.127873 0.868861 0.00326636
2 0.101715 0.895004 0.00328103
2 0.195292 0.797071 0.0076375
2 0.20623 0.781169 0.0126002
2 0.061163 0.920085 0.0187518
2 0.0139839 0.972824 0.013192
2 0.0153897 0.971157 0.0134533
2 0.0466831 0.93096 0.0223572
2 0.0997443 0.863589 0.0366667
2 0.205365 0.746998 0.0476377
4 0.491746 0.467883 0.0403717
4 0.82657 0.137712 0.0357183
