labels 4 2 1
4 0.6734 0.185533 0.141068
2 0.332245 0.54096 0.126795
2 0.11796 0.786141 0.0958986
2 0.0383698 0.933973 0.0276573
2 0.0221396 0.957364 0.0204968
2 0.0133056 0.961392 0.025302
2 0.00639544 0.95934 0.0342642
2 0.00170594 0.974251 0.0240426
2 0.00334026 0.970523 0.0261365
2 0.0218387 0.9468 0.0313613
2 0.0727441 0.903635 0.0236208
2 0.116081 0.865529 0.0183905
2 0.13012 0.851161 0.0187183
2 0.0398249 0.949141 0.0110341
2 0.0067565 0.988433 0.00481018
2 0.00238223 0.994841 0.00277702
2 0.00265212 0.994298 0.00305019
2 0.00473709 0.991463 0.00380027
2 0.00200358 0.994313 0.00368316
2 0.00437131 0.992208 0.0034208
2 0.00945253 0.977353 0.0131943
2 0.0128643 0.975198 0.0119381
2 0.0261732 0.955377 0.0184494
2 0.0214324 0.962208 0.0163594
2 0.0221704 0.966106 0.0117239
2 0.0368303 0.95246 0.0107094
2 0.0317478 0.95925 0.00900266
2 0.0430931 0.945735 0.0111722
2 0.0212495 0.968497 0.0102539
2 0.0229066 0.966124 0.0109699
2 0.0119081 0.966598 0.021494
2 0.0272599 0.945895 0.0268456
2 0.0710432 0.875535 0.0534217
2 0.091995 0.881087 0.0269178
2 0.0650815 0.910608 0.02431
2 0.0311752 0.944393 0.0244318
2 0.0115256 0.961261 0.027213
2 0.00581189 0.932262 0.0619264
2 0.00589061 0.874333 0.119776
2 0.00888376 0.830017 0.161099
2 0.0395768 0.77845 0.181973
2 0.136521 0.584921 0.278558
2 0.220399 0.457271 0.32233
2 0.218804 0.522757 0.258439
2 0.187107 0.615319 0.197574
2 0.298406 0.571686 0.129907
2 0.292039 0.582546 0.125415
2 0.230817 0.716385 0.0527985
2 0.122035 0.842476 0.0354883
2 0.101537 0.870113 0.0283504
2 0.0774157 0.886318 0.0362665
2 0.0345685 0.938916 0.0265152
2 0.0107974 0.972444 0.0167584
2 0.00958451 0.977584 0.0128318
2 0.00752135 0.968053 0.0244256
2 0.0066195 0.959045 0.0343352
2 0.0156994 0.919625 0.064676
2 0.0492085 0.892994 0.0577979
2 0.110835 0.828713 0.0604524
4 0.510396 0.409177 0.0804271
