labels 4 2 1
2 0.275562 0.625088 0.0993503
2 0.0974961 0.860034 0.0424704
2 0.0719502 0.859785 0.0682653
2 0.0627194 0.89181 0.0454703
2 0.0784237 0.880029 0.0415468
2 0.0268987 0.94644 0.0266617
2 0.00822603 0.97312 0.0186536
2 0.00787176 0.948865 0.0432628
2 0.00629083 0.931996 0.0617127
2 0.00267757 0.960673 0.0366495
2 0.00145809 0.973866 0.0246754
2 0.00880543 0.962917 0.0282772
2 0.0586487 0.888132 0.0532195
2 0.135288 0.811475 0.0532371
2 0.16038 0.800618 0.0390019
2 0.140232 0.819878 0.0398899
2 0.0892217 0.862473 0.0483052
2 0.0425719 0.906107 0.051321
2 0.0764085 0.826425 0.0971664
2 0.0416457 0.81808 0.140275
2 0.0435726 0.790349 0.166079
2 0.0382352 0.792203 0.169562
2 0.0192229 0.912211 0.0685657
2 0.01066 0.908661 0.080679
2 0.0289193 0.778597 0.192484
2 0.0349108 0.710011 0.255078
2 0.0432257 0.705796 0.250979
2 0.0513101 0.763624 0.185066
2 0.0531992 0.833697 0.113104
2 0.0749833 0.749809 0.175207
2 0.0656389 0.815671 0.11869
2 0.0481301 0.897932 0.0539376
2 0.0910219 0.871524 0.0374539
2 0.106102 0.868438 0.0254602
2 0.174524 0.788827 0.0366486
2 0.346525 0.616365 0.0371101
2 0.478641 0.488411 0.0329474
2 0.42488 0.549734 0.0253855
2 0.3106 0.664782 0.024618
2 0.230996 0.748982 0.0200226
2 0.435734 0.541019 0.0232475
2 0.424331 0.547912 0.027757
2 0.426407 0.54616 0.0274337
2 0.395252 0.581434 0.023314
2 0.459531 0.511357 0.0291119
2 0.418477 0.546208 0.0353147
4 0.476765 0.472082 0.0511523
2 0.43025 0.499043 0.0707068
2 0.428084 0.526021 0.0458951
2 0.417425 0.554363 0.0282115
2 0.299378 0.677947 0.0226753
2 0.269725 0.71112 0.0191557
2 0.210337 0.768428 0.0212345
2 0.175886 0.794188 0.029926
2 0.158843 0.820486 0.0206709
2 0.108777 0.851341 0.0398822
2 0.0868772 0.894195 0.0189277
2 0.153729 0.829928 0.0163426
2 0.336525 0.636804 0.0266709
4 0.582225 0.382809 0.0349661
