labels 4 2 1
2 0.273599 0.714408 0.0119931
2 0.0959348 0.897012 0.00705334
2 0.0491923 0.942911 0.00789625
2 0.0270478 0.967065 0.00588685
2 0.0259664 0.969635 0.00439811
2 0.0526822 0.942058 0.00525978
2 0.0617685 0.930943 0.00728821
2 0.0645873 0.928436 0.00697674
2 0.11694 0.878064 0.00499659
2 0.117497 0.87214 0.0103634
2 0.0755223 0.917062 0.00741548
2 0.0603667 0.931848 0.00778516
2 0.0401278 0.954333 0.00553908
2 0.0375981 0.954592 0.00780965
2 0.0526341 0.940344 0.00702176
2 0.0614988 0.932527 0.00597394
2 0.0612705 0.931927 0.00680245
2 0.0845841 0.90742 0.00799545
2 0.081876 0.913331 0.00479299
2 0.0968638 0.898706 0.0044299
2 0.112932 0.881795 0.00527289
2 0.164068 0.829662 0.00626966
2 0.267617 0.723646 0.00873656
2 0.160709 0.830157 0.00913413
2 0.0907908 0.901803 0.00740577
2 0.0531201 0.94109 0.00578967
2 0.0121057 0.985253 0.00264122
2 0.0180913 0.97978 0.0021288
2 0.0296802 0.968056 0.00226365
2 0.0311999 0.966143 0.00265689
2 0.0872666 0.904979 0.00775397
2 0.0911861 0.898946 0.00986819
2 0.0192426 0.975624 0.00513313
2 0.0139526 0.982503 0.00354474
2 0.0219516 0.975559 0.00248982
2 0.0468388 0.951651 0.00150992
2 0.126461 0.869246 0.00429298
2 0.161279 0.833695 0.00502615
2 0.145583 0.846277 0.00813942
2 0.0727957 0.922976 0.00422851
2 0.0150359 0.98333 0.00163452
2 0.0269024 0.970691 0.00240693
2 0.0491765 0.948843 0.00198089
2 0.054881 0.94403 0.00108891
2 0.140637 0.856158 0.00320493
2 0.121107 0.871833 0.00705983
2 0.0555546 0.941114 0.00333129
2 0.0385647 0.959243 0.00219219
2 0.0827946 0.914204 0.00300184
2 0.108548 0.884907 0.00654477
2 0.0836863 0.906192 0.0101217
2 0.0801847 0.905183 0.0146328
2 0.0563881 0.931317 0.0122953
2 0.0221352 0.97139 0.00647438
2 0.0101619 0.982759 0.00707945
2 0.0168431 0.977175 0.00598143
2 0.0593936 0.92902 0.0115864
2 0.0800251 0.909275 0.0106995
2 0.0740715 0.92019 0.00573867
2 0.233774 0.756089 0.0101368
