Secondary Structure Prediction Output (Part of REGAd3p ASA Prediction)
TARGET: P09693, Length: 60

SR#  AA  SSp  pCoil          pBeta          pHelix
1    M   H    0.221251       0.291877       0.486872
2    E   E    0.21857        0.420034       0.361396
3    Q   H    0.358048       0.222586       0.419366
4    G   C    0.453446       0.21425        0.332303
5    K   C    0.568512       0.193338       0.238149
6    G   C    0.431847       0.359159       0.208994
7    L   E    0.211147       0.569855       0.218998
8    A   E    0.127337       0.71359        0.159072
9    V   E    0.0509525      0.830182       0.118866
10   L   E    0.0157027      0.929558       0.0547389
11   I   E    0.00945137     0.957029       0.0335201
12   L   E    0.0134656      0.907895       0.0786394
13   A   E    0.0189121      0.858682       0.122406
14   I   E    0.029608       0.798797       0.171595
15   I   E    0.0516557      0.716785       0.231559
16   L   E    0.0990364      0.592899       0.308064
17   L   H    0.122839       0.387935       0.489227
18   Q   H    0.133747       0.426886       0.439367
19   G   E    0.162686       0.6134         0.223914
20   T   E    0.093331       0.795732       0.110937
21   L   E    0.0564652      0.830613       0.112921
22   A   E    0.0980241      0.756877       0.145099
23   Q   E    0.131895       0.756077       0.112028
24   S   E    0.15496        0.771814       0.0732262
25   I   E    0.139359       0.797441       0.0631996
26   K   E    0.141748       0.80959        0.0486619
27   G   E    0.230354       0.713751       0.055895
28   N   E    0.307699       0.646265       0.0460363
29   H   E    0.24557        0.716586       0.0378443
30   L   E    0.236552       0.720141       0.0433066
31   V   E    0.132029       0.834879       0.0330917
32   K   E    0.0831032      0.896091       0.0208061
33   V   E    0.0392651      0.941343       0.0193916
34   Y   E    0.0399059      0.93849        0.0216039
35   D   E    0.0634546      0.891996       0.0445495
36   Y   E    0.0578697      0.887807       0.0543235
37   Q   E    0.101514       0.80533        0.0931562
38   E   E    0.22273        0.543029       0.234241
39   D   E    0.368786       0.41172        0.219494
40   G   C    0.462033       0.340581       0.197385
41   S   E    0.428757       0.445317       0.125927
42   V   E    0.192822       0.727141       0.0800367
43   L   E    0.123595       0.792001       0.0844038
44   L   E    0.0516129      0.795021       0.153366
45   T   E    0.020027       0.838912       0.141061
46   C   E    0.00549124     0.91694        0.0775693
47   D   E    0.0228724      0.891211       0.0859164
48   A   E    0.110827       0.552765       0.336408
49   E   E    0.178988       0.42072        0.400292
50   A   H    0.190525       0.351518       0.457956
51   K   E    0.231287       0.4748         0.293913
52   N   E    0.156726       0.580802       0.262472
53   I   E    0.0930538      0.629225       0.277722
54   T   E    0.0537787      0.73525        0.210972
55   W   E    0.0386638      0.758923       0.202414
56   F   E    0.0401049      0.743151       0.216744
57   K   E    0.0679972      0.625466       0.306537
58   D   E    0.208954       0.451705       0.339341
59   G   C    0.489272       0.302565       0.208162
60   K   C    0.698072       0.145842       0.156086
END
