Secondary Structure Prediction Output by cSVM (Part of BalancedSSP)
TARGET: P09693, Length: 60

SR#  AA  cSVM  pBeta  pCoil  pHelix
1    M   H     0.333  0.306  0.362
2    E   H     0.321  0.296  0.383
3    Q   H     0.310  0.292  0.399
4    G   H     0.298  0.299  0.402
5    K   H     0.301  0.320  0.379
6    G   H     0.302  0.327  0.371
7    L   H     0.310  0.330  0.361
8    A   H     0.309  0.322  0.369
9    V   H     0.313  0.317  0.370
10   L   H     0.318  0.317  0.365
11   I   H     0.323  0.334  0.343
12   L   C     0.320  0.349  0.331
13   A   C     0.325  0.359  0.316
14   I   C     0.323  0.373  0.304
15   I   C     0.327  0.379  0.293
16   L   C     0.331  0.381  0.288
17   L   C     0.330  0.386  0.284
18   Q   C     0.326  0.388  0.286
19   G   C     0.326  0.388  0.286
20   T   C     0.338  0.379  0.283
21   L   C     0.354  0.364  0.282
22   A   C     0.338  0.381  0.280
23   Q   C     0.325  0.395  0.279
24   S   C     0.330  0.392  0.278
25   I   C     0.334  0.389  0.277
26   K   C     0.340  0.385  0.276
27   G   C     0.337  0.383  0.280
28   N   C     0.342  0.384  0.274
29   H   C     0.351  0.379  0.270
30   L   C     0.363  0.372  0.264
31   V   E     0.390  0.357  0.253
32   K   E     0.389  0.355  0.256
33   V   E     0.399  0.341  0.260
34   Y   E     0.394  0.342  0.263
35   D   E     0.394  0.340  0.266
36   Y   E     0.386  0.345  0.269
37   Q   C     0.349  0.372  0.279
38   E   C     0.340  0.379  0.281
39   D   C     0.324  0.398  0.278
40   G   C     0.320  0.404  0.276
41   S   C     0.328  0.402  0.270
42   V   C     0.340  0.392  0.269
43   L   C     0.346  0.390  0.264
44   L   E     0.366  0.363  0.271
45   T   E     0.379  0.347  0.274
46   C   E     0.382  0.328  0.290
47   D   E     0.377  0.346  0.277
48   A   C     0.342  0.377  0.281
49   E   C     0.327  0.397  0.276
50   A   C     0.321  0.402  0.276
51   K   C     0.315  0.415  0.270
52   N   C     0.315  0.416  0.269
53   I   C     0.320  0.413  0.268
54   T   C     0.324  0.401  0.275
55   W   C     0.327  0.392  0.282
56   F   C     0.333  0.386  0.281
57   K   C     0.331  0.386  0.283
58   D   C     0.326  0.391  0.283
59   G   C     0.317  0.397  0.285
60   K   C     0.316  0.409  0.276
