labels 4 2 1
1 0.221251 0.291877 0.486872
2 0.21857 0.420034 0.361396
1 0.358048 0.222586 0.419366
4 0.453446 0.21425 0.332303
4 0.568512 0.193338 0.238149
4 0.431847 0.359159 0.208994
2 0.211147 0.569855 0.218998
2 0.127337 0.71359 0.159072
2 0.0509525 0.830182 0.118866
2 0.0157027 0.929558 0.0547389
2 0.00945137 0.957029 0.0335201
2 0.0134656 0.907895 0.0786394
2 0.0189121 0.858682 0.122406
2 0.029608 0.798797 0.171595
2 0.0516557 0.716785 0.231559
2 0.0990364 0.592899 0.308064
1 0.122839 0.387935 0.489227
1 0.133747 0.426886 0.439367
2 0.162686 0.6134 0.223914
2 0.093331 0.795732 0.110937
2 0.0564652 0.830613 0.112921
2 0.0980241 0.756877 0.145099
2 0.131895 0.756077 0.112028
2 0.15496 0.771814 0.0732262
2 0.139359 0.797441 0.0631996
2 0.141748 0.80959 0.0486619
2 0.230354 0.713751 0.055895
2 0.307699 0.646265 0.0460363
2 0.24557 0.716586 0.0378443
2 0.236552 0.720141 0.0433066
2 0.132029 0.834879 0.0330917
2 0.0831032 0.896091 0.0208061
2 0.0392651 0.941343 0.0193916
2 0.0399059 0.93849 0.0216039
2 0.0634546 0.891996 0.0445495
2 0.0578697 0.887807 0.0543235
2 0.101514 0.80533 0.0931562
2 0.22273 0.543029 0.234241
2 0.368786 0.41172 0.219494
4 0.462033 0.340581 0.197385
2 0.428757 0.445317 0.125927
2 0.192822 0.727141 0.0800367
2 0.123595 0.792001 0.0844038
2 0.0516129 0.795021 0.153366
2 0.020027 0.838912 0.141061
2 0.00549124 0.91694 0.0775693
2 0.0228724 0.891211 0.0859164
2 0.110827 0.552765 0.336408
2 0.178988 0.42072 0.400292
1 0.190525 0.351518 0.457956
2 0.231287 0.4748 0.293913
2 0.156726 0.580802 0.262472
2 0.0930538 0.629225 0.277722
2 0.0537787 0.73525 0.210972
2 0.0386638 0.758923 0.202414
2 0.0401049 0.743151 0.216744
2 0.0679972 0.625466 0.306537
2 0.208954 0.451705 0.339341
4 0.489272 0.302565 0.208162
4 0.698072 0.145842 0.156086
