labels 4 2 1
2 0.335983 0.648498 0.015519
2 0.154528 0.836464 0.0090086
2 0.1764 0.814369 0.00923114
2 0.10904 0.878963 0.0119971
2 0.0731837 0.91926 0.0075562
2 0.0555858 0.941023 0.00339153
2 0.111249 0.886583 0.0021681
2 0.125859 0.870599 0.00354227
2 0.0821235 0.913891 0.00398502
2 0.0660481 0.927892 0.00605974
2 0.0650511 0.929868 0.00508093
2 0.0740716 0.918596 0.00733228
2 0.0925899 0.895805 0.0116048
2 0.0946951 0.890683 0.0146216
2 0.157109 0.832769 0.0101225
2 0.214323 0.770834 0.0148426
2 0.156109 0.829145 0.0147459
2 0.16857 0.82075 0.0106804
2 0.30007 0.682481 0.017449
2 0.208328 0.781961 0.00971116
2 0.0920965 0.90284 0.00506377
2 0.0590387 0.937382 0.00357949
2 0.0376687 0.95921 0.00312124
2 0.0789312 0.915053 0.00601623
2 0.0703058 0.921703 0.00799083
2 0.0227365 0.975122 0.00214169
2 0.0238451 0.974063 0.00209154
2 0.0257823 0.972088 0.00212937
2 0.0337368 0.964026 0.00223726
2 0.0513132 0.946235 0.00245196
2 0.0394445 0.958979 0.00157654
2 0.0427356 0.955303 0.00196113
2 0.031079 0.967796 0.00112523
2 0.0227722 0.976177 0.00105052
2 0.0222702 0.976716 0.00101342
2 0.0287565 0.96975 0.00149308
2 0.0184285 0.980735 0.000836665
2 0.0219304 0.977129 0.000940767
2 0.0184087 0.980773 0.000818345
2 0.0211047 0.978191 0.000704316
2 0.0204316 0.978881 0.000687784
2 0.0267999 0.97228 0.000920097
2 0.0297567 0.969385 0.00085875
2 0.0373798 0.961569 0.00105131
2 0.0395904 0.959019 0.0013907
2 0.0448154 0.95409 0.00109428
2 0.0553787 0.943222 0.00139973
2 0.0624818 0.936194 0.00132371
2 0.0644453 0.934219 0.00133576
2 0.0940174 0.904565 0.00141814
2 0.0929197 0.905502 0.00157852
2 0.0862837 0.911993 0.00172324
2 0.077649 0.920241 0.00211041
2 0.0691858 0.927845 0.00296938
2 0.115015 0.878146 0.00683973
2 0.130806 0.859015 0.0101787
2 0.156094 0.832618 0.0112883
2 0.317775 0.669864 0.0123613
2 0.39168 0.592798 0.0155216
2 0.482299 0.494132 0.0235689
