labels 4 2 1
2 0.140286 0.49668 0.363034
2 0.0687387 0.638209 0.293052
2 0.10669 0.475838 0.417472
1 0.0710695 0.278038 0.650893
1 0.0910006 0.241295 0.667705
1 0.122155 0.239491 0.638354
1 0.101207 0.183237 0.715556
1 0.0857225 0.154938 0.759339
1 0.0662343 0.111131 0.822635
1 0.045016 0.191552 0.763432
1 0.0449305 0.183868 0.771202
1 0.0728754 0.129419 0.797705
1 0.082831 0.160378 0.756791
1 0.0813658 0.144442 0.774192
1 0.0695804 0.0778872 0.852532
1 0.0792283 0.149526 0.771246
1 0.0933048 0.206057 0.700638
1 0.0788051 0.217573 0.703622
1 0.0478292 0.31849 0.633681
2 0.0406215 0.590932 0.368446
2 0.0439696 0.523979 0.432051
2 0.0529745 0.62316 0.323865
2 0.0609902 0.52491 0.4141
2 0.0455291 0.650386 0.304085
2 0.0510618 0.79121 0.157728
2 0.0722558 0.824917 0.102827
2 0.0380805 0.920418 0.0415012
2 0.016866 0.934643 0.0484912
2 0.0263928 0.904104 0.0695032
2 0.0150571 0.913712 0.0712314
2 0.0119042 0.89908 0.0890163
2 0.0105879 0.895709 0.0937027
2 0.019697 0.904161 0.0761419
2 0.0351052 0.930247 0.0346478
2 0.0402151 0.92634 0.0334449
2 0.102167 0.841511 0.0563216
2 0.144813 0.73759 0.117597
2 0.193136 0.700183 0.106681
2 0.264138 0.656266 0.0795953
2 0.335066 0.59619 0.0687439
2 0.341465 0.608088 0.0504477
4 0.560459 0.411761 0.0277803
2 0.46255 0.505779 0.0316704
4 0.512449 0.463117 0.024435
4 0.496343 0.480941 0.0227163
4 0.53584 0.441779 0.022381
2 0.441421 0.511643 0.0469364
2 0.472563 0.47426 0.053177
2 0.231013 0.717616 0.0513705
2 0.0808525 0.900555 0.0185926
2 0.057463 0.923137 0.0194004
2 0.0702785 0.910508 0.0192136
2 0.0262047 0.948992 0.0248031
2 0.0133313 0.968489 0.0181794
2 0.00614594 0.973555 0.0202992
2 0.00377198 0.975816 0.0204116
2 0.00670484 0.962395 0.0309
2 0.0431474 0.880471 0.0763815
2 0.179669 0.718295 0.102036
4 0.613077 0.298379 0.0885434
