labels 4 2 1
2 0.310297 0.636411 0.0532921
2 0.10196 0.880903 0.0171373
2 0.0919087 0.892393 0.0156986
2 0.0384682 0.949935 0.011597
2 0.0496167 0.938928 0.0114549
2 0.0555014 0.915612 0.0288868
2 0.0715798 0.894069 0.0343511
2 0.0891548 0.810651 0.100195
2 0.174186 0.708847 0.116967
2 0.159877 0.759476 0.0806468
2 0.131419 0.767882 0.100699
2 0.109157 0.751973 0.13887
2 0.0597602 0.622512 0.317728
2 0.0355032 0.754687 0.20981
2 0.0458916 0.73334 0.220768
2 0.0363685 0.685149 0.278483
2 0.0565003 0.606007 0.337492
1 0.0968284 0.413675 0.489497
2 0.196318 0.50546 0.298222
2 0.203417 0.516764 0.279819
2 0.296157 0.458241 0.245601
2 0.190363 0.637407 0.17223
2 0.240944 0.622333 0.136724
2 0.222352 0.588248 0.1894
2 0.170596 0.719004 0.1104
2 0.0820597 0.831431 0.0865091
2 0.0399108 0.894241 0.0658483
2 0.023424 0.864425 0.112151
2 0.019696 0.878428 0.101876
2 0.0271596 0.900061 0.0727799
2 0.0346959 0.904418 0.0608864
2 0.0131543 0.916648 0.0701977
2 0.00394919 0.962745 0.0333058
2 0.0113234 0.948484 0.0401924
2 0.0123536 0.918983 0.0686636
2 0.00661182 0.927693 0.0656952
2 0.00818174 0.916369 0.075449
2 0.011821 0.912417 0.0757619
2 0.0147117 0.966547 0.0187413
2 0.0263848 0.95272 0.0208955
2 0.036133 0.932425 0.0314418
2 0.0638503 0.891034 0.0451153
2 0.0921032 0.848807 0.0590895
2 0.0431705 0.934948 0.0218811
2 0.027539 0.945969 0.0264925
2 0.122349 0.842775 0.0348758
2 0.296121 0.644247 0.0596318
2 0.311647 0.619427 0.0689252
2 0.130605 0.792123 0.0772727
2 0.0829535 0.883199 0.0338475
2 0.0372683 0.929458 0.0332734
2 0.0241271 0.939782 0.0360905
2 0.0124644 0.945023 0.0425124
2 0.0141517 0.924184 0.061664
2 0.0376685 0.838883 0.123448
2 0.036753 0.763774 0.199473
2 0.0412889 0.734839 0.223872
2 0.0760429 0.791148 0.132809
2 0.097504 0.853105 0.0493909
2 0.0709569 0.876016 0.0530269
