Secondary Structure Prediction Output by cSVM (Part of BalancedSSP)
TARGET: P46527, Length: 60

SR#  AA  cSVM  pBeta  pCoil  pHelix
1    M   E     0.342  0.332  0.326
2    S   H     0.346  0.304  0.349
3    N   H     0.351  0.286  0.363
4    V   E     0.363  0.276  0.361
5    R   E     0.383  0.286  0.331
6    V   E     0.380  0.288  0.332
7    S   E     0.357  0.307  0.336
8    N   H     0.330  0.321  0.349
9    G   E     0.344  0.327  0.329
10   S   E     0.358  0.344  0.298
11   P   E     0.384  0.343  0.272
12   S   E     0.365  0.363  0.273
13   L   E     0.392  0.346  0.262
14   E   E     0.391  0.351  0.258
15   R   E     0.391  0.356  0.253
16   M   E     0.387  0.355  0.258
17   D   C     0.362  0.373  0.265
18   A   C     0.347  0.380  0.273
19   R   C     0.340  0.398  0.262
20   Q   C     0.343  0.397  0.259
21   A   C     0.339  0.404  0.257
22   E   C     0.349  0.396  0.255
23   H   C     0.348  0.397  0.254
24   P   C     0.360  0.390  0.250
25   K   C     0.366  0.388  0.246
26   P   C     0.361  0.387  0.252
27   S   C     0.357  0.382  0.261
28   A   E     0.374  0.361  0.265
29   C   C     0.362  0.371  0.267
30   R   C     0.367  0.372  0.261
31   N   C     0.363  0.370  0.267
32   L   E     0.371  0.348  0.282
33   F   E     0.387  0.329  0.284
34   G   C     0.352  0.366  0.282
35   P   C     0.354  0.362  0.284
36   V   E     0.359  0.356  0.285
37   D   C     0.348  0.366  0.286
38   H   E     0.366  0.363  0.272
39   E   C     0.359  0.370  0.271
40   E   C     0.335  0.386  0.280
41   L   C     0.342  0.369  0.289
42   T   C     0.329  0.388  0.283
43   R   C     0.328  0.376  0.296
44   D   C     0.330  0.362  0.308
45   L   C     0.332  0.350  0.319
46   E   C     0.337  0.375  0.288
47   K   C     0.324  0.389  0.287
48   H   C     0.323  0.391  0.286
49   C   C     0.331  0.388  0.281
50   R   C     0.322  0.403  0.275
51   D   C     0.327  0.393  0.280
52   M   C     0.353  0.366  0.281
53   E   C     0.356  0.369  0.275
54   E   C     0.339  0.366  0.295
55   A   C     0.321  0.371  0.308
56   S   C     0.318  0.376  0.306
57   Q   C     0.317  0.385  0.298
58   R   C     0.318  0.391  0.291
59   K   C     0.326  0.392  0.283
60   W   C     0.349  0.374  0.277
