labels 4 2 1
4 0.628861 0.269129 0.10201
2 0.327217 0.593018 0.0797645
2 0.224208 0.721539 0.0542528
2 0.144314 0.810504 0.0451814
2 0.0796252 0.895365 0.0250094
2 0.137149 0.813226 0.0496253
2 0.179155 0.757605 0.0632405
2 0.155738 0.767308 0.0769537
2 0.153828 0.767246 0.0789262
2 0.106839 0.803637 0.089524
2 0.0888882 0.764896 0.146216
2 0.11166 0.772178 0.116162
2 0.130588 0.790467 0.078945
2 0.119985 0.831225 0.0487899
2 0.119058 0.842196 0.0387459
2 0.159074 0.810994 0.0299323
2 0.202622 0.779523 0.0178553
2 0.191988 0.794901 0.0131114
2 0.112418 0.879124 0.00845853
2 0.154572 0.825929 0.0194985
2 0.194353 0.786279 0.0193676
2 0.182792 0.78779 0.0294175
2 0.114238 0.849105 0.0366574
2 0.0468984 0.914763 0.0383384
2 0.0221004 0.959118 0.0187818
2 0.0135362 0.974216 0.0122474
2 0.0335532 0.953267 0.01318
2 0.0743604 0.910442 0.0151977
2 0.0583963 0.92504 0.0165636
2 0.0399686 0.945408 0.014623
2 0.0177594 0.971599 0.0106418
2 0.0051416 0.9857 0.00915829
2 0.00591448 0.980097 0.0139885
2 0.0420698 0.940297 0.017633
2 0.173375 0.812426 0.0141994
2 0.211377 0.769327 0.0192966
2 0.156839 0.822173 0.0209881
2 0.0971986 0.887497 0.0153044
2 0.0729994 0.91266 0.0143406
2 0.0825287 0.890254 0.0272171
2 0.113053 0.811938 0.0750091
2 0.0478265 0.917459 0.0347146
2 0.116052 0.859257 0.024691
2 0.10456 0.875702 0.0197381
2 0.0628347 0.922628 0.0145372
2 0.0880907 0.888141 0.0237684
2 0.0630127 0.89669 0.0402972
2 0.0486626 0.936267 0.0150708
2 0.104379 0.884467 0.0111541
2 0.117953 0.874178 0.00786925
2 0.135265 0.856493 0.00824205
2 0.062858 0.925994 0.011148
2 0.0311695 0.960848 0.007983
2 0.0789271 0.909064 0.0120088
2 0.0954793 0.896937 0.00758382
2 0.0346423 0.960724 0.00463342
2 0.0359304 0.959492 0.00457778
2 0.0473464 0.946291 0.0063621
2 0.122989 0.863445 0.0135655
2 0.297187 0.67237 0.0304429
