labels 4 2 1
4 0.544209 0.284198 0.171593
2 0.183609 0.71224 0.104151
2 0.112473 0.802862 0.0846643
2 0.0669277 0.88245 0.0506222
2 0.04448 0.877685 0.0778354
2 0.0335135 0.910152 0.0563345
2 0.037818 0.905612 0.0565698
2 0.0370114 0.922163 0.0408254
2 0.0339883 0.915662 0.05035
2 0.0382688 0.916802 0.0449293
2 0.0500345 0.902409 0.0475565
2 0.0379181 0.909373 0.0527087
2 0.0708881 0.864137 0.0649745
2 0.117181 0.775865 0.106954
2 0.222012 0.665978 0.11201
2 0.165469 0.743977 0.0905537
2 0.175248 0.744147 0.0806052
2 0.143867 0.777296 0.0788369
2 0.134824 0.771993 0.0931824
2 0.0772172 0.853601 0.0691818
2 0.0834724 0.871834 0.0446937
2 0.0687013 0.891335 0.0399638
2 0.114682 0.831411 0.0539071
2 0.0998826 0.806096 0.0940214
2 0.0759068 0.832538 0.0915553
2 0.0600017 0.847591 0.0924069
2 0.0801057 0.758245 0.16165
2 0.0488847 0.732676 0.218439
2 0.0371151 0.744807 0.218078
2 0.0460312 0.642574 0.311395
1 0.0558107 0.378063 0.566127
1 0.0546015 0.254648 0.69075
1 0.0897685 0.253838 0.656394
1 0.15469 0.255122 0.590187
1 0.210576 0.260645 0.528779
1 0.177215 0.257375 0.56541
2 0.164122 0.421702 0.414176
2 0.166402 0.51873 0.314868
2 0.19027 0.556836 0.252894
2 0.215343 0.543003 0.241654
2 0.245181 0.511784 0.243034
2 0.289079 0.511755 0.199166
2 0.379353 0.461409 0.159238
2 0.35824 0.474849 0.166911
2 0.265993 0.542624 0.191383
2 0.268538 0.525739 0.205722
2 0.257565 0.500073 0.242362
2 0.269761 0.457162 0.273077
2 0.332979 0.455569 0.211452
4 0.437162 0.387687 0.17515
4 0.540061 0.294238 0.1657
4 0.531455 0.320217 0.148328
2 0.396904 0.421464 0.181632
2 0.267669 0.4448 0.287531
2 0.172289 0.460889 0.366822
2 0.110843 0.571414 0.317743
2 0.104365 0.661769 0.233866
2 0.201993 0.600107 0.197901
2 0.368309 0.505775 0.125916
4 0.644067 0.224922 0.131012
