labels 4 2 1
4 0.846215 0.112842 0.040943
4 0.784347 0.170243 0.0454104
4 0.818718 0.106966 0.0743157
4 0.718717 0.130704 0.150579
4 0.532357 0.140626 0.327016
1 0.212642 0.20548 0.581879
2 0.158252 0.479269 0.362479
1 0.088168 0.401428 0.510404
1 0.129627 0.216986 0.653386
1 0.103767 0.132077 0.764156
1 0.14797 0.0539684 0.798062
1 0.354907 0.0377786 0.607314
1 0.265656 0.0371495 0.697194
1 0.259956 0.035966 0.704078
1 0.450679 0.0272383 0.522082
4 0.605283 0.0241414 0.370576
4 0.562867 0.0298503 0.407282
4 0.519829 0.107137 0.373034
1 0.187121 0.35674 0.456139
1 0.086855 0.432029 0.481116
2 0.0446384 0.664446 0.290916
2 0.0299146 0.804548 0.165538
2 0.0546379 0.884079 0.0612827
2 0.311573 0.648374 0.0400535
4 0.770116 0.217583 0.0123011
4 0.931339 0.0513236 0.0173371
4 0.934947 0.0349109 0.0301419
4 0.937865 0.030729 0.0314062
4 0.843294 0.061208 0.0954976
4 0.858214 0.0873486 0.054437
4 0.858655 0.11169 0.0296543
4 0.858559 0.117823 0.0236183
4 0.820455 0.137012 0.0425322
4 0.725227 0.229202 0.0455709
4 0.606883 0.367875 0.0252411
4 0.778473 0.195893 0.0256342
4 0.800497 0.16349 0.0360135
4 0.895312 0.0916089 0.013079
4 0.946962 0.0312727 0.0217651
4 0.924019 0.0210904 0.0548907
4 0.868796 0.0423314 0.088873
4 0.825169 0.059539 0.115292
4 0.784691 0.0817079 0.133601
4 0.72219 0.0810566 0.196754
4 0.604775 0.108606 0.286619
4 0.534812 0.128348 0.33684
1 0.112296 0.0497579 0.837947
1 0.0803011 0.0369593 0.88274
1 0.0406254 0.0276623 0.931712
1 0.0545233 0.0259244 0.919552
1 0.113601 0.0306498 0.855749
1 0.184956 0.0525054 0.762538
1 0.132698 0.0413592 0.825943
1 0.0827715 0.0247838 0.892445
1 0.0859484 0.0206665 0.893385
1 0.0577296 0.0131569 0.929114
1 0.0616066 0.00701988 0.931374
1 0.105974 0.00925253 0.884774
1 0.301019 0.0166056 0.682376
4 0.53866 0.0095806 0.45176
