Secondary Structure Prediction Output (Part of REGAd3p ASA Prediction)
TARGET: Q9Y3M2, Length: 60

SR#  AA  SSp  pCoil          pBeta          pHelix
1    M   E    0.233226       0.734761       0.0320126
2    P   E    0.041827       0.950222       0.00795101
3    F   E    0.0213609      0.969576       0.00906347
4    F   E    0.0149912      0.973945       0.0110634
5    G   E    0.0527965      0.912379       0.0348242
6    N   E    0.124546       0.808822       0.066632
7    T   E    0.071605       0.878641       0.0497537
8    F   E    0.0472284      0.908844       0.0439273
9    S   E    0.120604       0.834925       0.0444712
10   P   E    0.13793        0.816054       0.0460157
11   K   E    0.0818207      0.899016       0.0191634
12   K   E    0.0615636      0.92794        0.0104967
13   T   E    0.0372846      0.955395       0.00732018
14   P   E    0.0363704      0.956835       0.00679445
15   P   E    0.0581395      0.930489       0.0113712
16   R   E    0.0835708      0.898606       0.0178231
17   K   E    0.151842       0.826922       0.0212358
18   S   E    0.263107       0.705962       0.0309304
19   A   E    0.257271       0.688804       0.0539246
20   S   E    0.189158       0.764023       0.0468194
21   L   E    0.208705       0.69749        0.0938048
22   S   E    0.30227        0.547741       0.149989
23   N   E    0.32605        0.503083       0.170867
24   L   E    0.232023       0.589694       0.178283
25   H   E    0.271999       0.571411       0.156591
26   S   E    0.315173       0.487566       0.197262
27   L   E    0.325202       0.397592       0.277206
28   D   E    0.273867       0.516087       0.210046
29   R   E    0.280673       0.489902       0.229425
30   S   E    0.309208       0.585765       0.105027
31   T   E    0.310833       0.576084       0.113083
32   R   E    0.226411       0.68408        0.0895093
33   E   E    0.162081       0.763898       0.0740208
34   V   E    0.081424       0.869356       0.04922
35   E   E    0.0510673      0.925984       0.0229489
36   L   E    0.0683725      0.895881       0.0357461
37   G   E    0.135811       0.802606       0.0615827
38   L   E    0.0986946      0.747279       0.154026
39   E   E    0.0864645      0.740604       0.172931
40   Y   E    0.0686429      0.748226       0.183131
41   G   E    0.265441       0.622829       0.111729
42   S   E    0.26477        0.649727       0.0855036
43   P   E    0.196978       0.741742       0.0612801
44   T   E    0.183826       0.752413       0.0637605
45   M   E    0.165284       0.709189       0.125527
46   N   E    0.208052       0.636298       0.15565
47   L   E    0.109081       0.589992       0.300927
48   A   E    0.176376       0.518416       0.305208
49   G   E    0.362647       0.409056       0.228297
50   Q   E    0.352024       0.517461       0.130515
51   S   E    0.207968       0.679234       0.112798
52   L   E    0.0646302      0.80085        0.134519
53   K   E    0.0242498      0.863372       0.112378
54   F   E    0.00991584     0.784602       0.205482
55   E   E    0.0214525      0.748418       0.23013
56   N   E    0.0356077      0.63817        0.326222
57   G   E    0.062449       0.709949       0.227602
58   Q   E    0.0843596      0.785745       0.129896
59   W   E    0.13724        0.767494       0.0952659
60   I   E    0.416735       0.441808       0.141457
END
