Secondary Structure Prediction Output by cSVM (Part of BalancedSSP)
TARGET: Q9Y3M2, Length: 60

SR#  AA  cSVM  pBeta  pCoil  pHelix
1    M   E     0.346  0.340  0.314
2    P   E     0.366  0.294  0.339
3    F   E     0.375  0.264  0.361
4    F   H     0.348  0.265  0.386
5    G   H     0.332  0.282  0.385
6    N   H     0.334  0.303  0.363
7    T   H     0.340  0.313  0.347
8    F   E     0.352  0.312  0.336
9    S   E     0.351  0.333  0.316
10   P   E     0.376  0.332  0.292
11   K   E     0.379  0.359  0.262
12   K   E     0.394  0.357  0.249
13   T   E     0.399  0.355  0.246
14   P   E     0.387  0.363  0.249
15   P   E     0.385  0.368  0.247
16   R   C     0.360  0.387  0.254
17   K   C     0.339  0.402  0.259
18   S   C     0.335  0.403  0.262
19   A   C     0.332  0.404  0.264
20   S   C     0.339  0.396  0.265
21   L   C     0.338  0.396  0.266
22   S   C     0.354  0.385  0.261
23   N   C     0.353  0.387  0.260
24   L   C     0.343  0.390  0.267
25   H   C     0.340  0.392  0.268
26   S   C     0.346  0.386  0.269
27   L   C     0.352  0.384  0.265
28   D   C     0.346  0.386  0.267
29   R   C     0.351  0.385  0.264
30   S   C     0.348  0.386  0.267
31   T   C     0.341  0.390  0.269
32   R   C     0.349  0.389  0.261
33   E   C     0.352  0.383  0.265
34   V   C     0.368  0.370  0.262
35   E   E     0.378  0.360  0.261
36   L   E     0.379  0.361  0.260
37   G   C     0.349  0.379  0.272
38   L   C     0.358  0.371  0.271
39   E   C     0.354  0.366  0.281
40   Y   C     0.348  0.377  0.275
41   G   C     0.333  0.396  0.271
42   S   C     0.335  0.399  0.266
43   P   C     0.349  0.385  0.266
44   T   C     0.345  0.390  0.265
45   M   C     0.344  0.382  0.274
46   N   C     0.334  0.393  0.274
47   L   C     0.342  0.376  0.282
48   A   C     0.334  0.388  0.279
49   G   C     0.326  0.402  0.273
50   Q   C     0.322  0.409  0.268
51   S   C     0.325  0.406  0.268
52   L   C     0.317  0.408  0.275
53   K   C     0.328  0.398  0.274
54   F   C     0.348  0.371  0.280
55   E   C     0.346  0.377  0.277
56   N   C     0.339  0.382  0.279
57   G   C     0.341  0.382  0.277
58   Q   C     0.337  0.387  0.276
59   W   C     0.332  0.391  0.277
60   I   C     0.321  0.409  0.270
