labels 4 2 1
2 0.233226 0.734761 0.0320126
2 0.041827 0.950222 0.00795101
2 0.0213609 0.969576 0.00906347
2 0.0149912 0.973945 0.0110634
2 0.0527965 0.912379 0.0348242
2 0.124546 0.808822 0.066632
2 0.071605 0.878641 0.0497537
2 0.0472284 0.908844 0.0439273
2 0.120604 0.834925 0.0444712
2 0.13793 0.816054 0.0460157
2 0.0818207 0.899016 0.0191634
2 0.0615636 0.92794 0.0104967
2 0.0372846 0.955395 0.00732018
2 0.0363704 0.956835 0.00679445
2 0.0581395 0.930489 0.0113712
2 0.0835708 0.898606 0.0178231
2 0.151842 0.826922 0.0212358
2 0.263107 0.705962 0.0309304
2 0.257271 0.688804 0.0539246
2 0.189158 0.764023 0.0468194
2 0.208705 0.69749 0.0938048
2 0.30227 0.547741 0.149989
2 0.32605 0.503083 0.170867
2 0.232023 0.589694 0.178283
2 0.271999 0.571411 0.156591
2 0.315173 0.487566 0.197262
2 0.325202 0.397592 0.277206
2 0.273867 0.516087 0.210046
2 0.280673 0.489902 0.229425
2 0.309208 0.585765 0.105027
2 0.310833 0.576084 0.113083
2 0.226411 0.68408 0.0895093
2 0.162081 0.763898 0.0740208
2 0.081424 0.869356 0.04922
2 0.0510673 0.925984 0.0229489
2 0.0683725 0.895881 0.0357461
2 0.135811 0.802606 0.0615827
2 0.0986946 0.747279 0.154026
2 0.0864645 0.740604 0.172931
2 0.0686429 0.748226 0.183131
2 0.265441 0.622829 0.111729
2 0.26477 0.649727 0.0855036
2 0.196978 0.741742 0.0612801
2 0.183826 0.752413 0.0637605
2 0.165284 0.709189 0.125527
2 0.208052 0.636298 0.15565
2 0.109081 0.589992 0.300927
2 0.176376 0.518416 0.305208
2 0.362647 0.409056 0.228297
2 0.352024 0.517461 0.130515
2 0.207968 0.679234 0.112798
2 0.0646302 0.80085 0.134519
2 0.0242498 0.863372 0.112378
2 0.00991584 0.784602 0.205482
2 0.0214525 0.748418 0.23013
2 0.0356077 0.63817 0.326222
2 0.062449 0.709949 0.227602
2 0.0843596 0.785745 0.129896
2 0.13724 0.767494 0.0952659
2 0.416735 0.441808 0.141457
