labels 4 2 1
2 0.244612 0.467771 0.287617
2 0.0444394 0.867109 0.088452
2 0.0672446 0.84142 0.0913359
2 0.0822851 0.576414 0.341301
2 0.131859 0.541506 0.326634
2 0.162411 0.550495 0.287095
2 0.132851 0.69277 0.174379
2 0.0894012 0.793889 0.11671
2 0.0516675 0.858528 0.0898042
2 0.066716 0.870681 0.0626034
2 0.169655 0.788188 0.042157
2 0.170165 0.781849 0.0479866
2 0.140658 0.808037 0.0513053
2 0.204264 0.730544 0.0651926
2 0.334774 0.615361 0.0498649
2 0.244525 0.655991 0.0994844
2 0.168487 0.73553 0.0959838
2 0.112288 0.769732 0.11798
2 0.139819 0.647582 0.212599
2 0.116968 0.688967 0.194065
2 0.116346 0.662184 0.221469
2 0.132701 0.742408 0.124891
2 0.139607 0.761104 0.0992893
2 0.179155 0.661158 0.159687
2 0.146282 0.72443 0.129287
2 0.146659 0.710317 0.143024
2 0.156628 0.708825 0.134547
2 0.0851808 0.772278 0.142542
2 0.146917 0.683724 0.169359
2 0.175419 0.643052 0.181529
2 0.214123 0.572934 0.212943
2 0.232806 0.60847 0.158724
2 0.287633 0.518697 0.193671
2 0.362609 0.454679 0.182711
2 0.314402 0.49835 0.187248
2 0.226145 0.532934 0.240921
2 0.156844 0.66101 0.182146
2 0.27926 0.445999 0.274741
2 0.324664 0.423349 0.251987
2 0.343517 0.519613 0.13687
2 0.411873 0.443223 0.144904
2 0.244307 0.618199 0.137494
2 0.187509 0.720234 0.0922566
2 0.171138 0.727767 0.101095
2 0.164844 0.72491 0.110246
2 0.140745 0.726921 0.132334
2 0.215534 0.642294 0.142172
2 0.27982 0.528689 0.191491
2 0.299462 0.516395 0.184143
2 0.189138 0.643925 0.166937
2 0.252561 0.624025 0.123414
2 0.262952 0.58476 0.152288
2 0.23706 0.570654 0.192286
2 0.171054 0.656963 0.171984
2 0.205411 0.679081 0.115507
2 0.321292 0.568928 0.10978
2 0.283223 0.578412 0.138365
2 0.384403 0.450872 0.164725
4 0.55283 0.297145 0.150025
4 0.678973 0.176362 0.144664
