labels 4 2 1
1 0.384535 0.126162 0.489302
1 0.285173 0.24182 0.473007
1 0.147191 0.28743 0.565378
1 0.0564885 0.32766 0.615851
1 0.0431506 0.456685 0.500165
2 0.0178439 0.641236 0.34092
2 0.0208083 0.844168 0.135024
2 0.0185416 0.914253 0.0672053
2 0.0304283 0.934624 0.0349479
2 0.0297398 0.917576 0.0526843
2 0.0336297 0.938103 0.0282675
2 0.0561776 0.878828 0.0649943
2 0.0404362 0.87329 0.0862735
2 0.0464531 0.682001 0.271546
2 0.108162 0.687128 0.20471
2 0.0444118 0.884008 0.0715799
2 0.0333069 0.889949 0.0767446
2 0.107769 0.769372 0.122859
2 0.162388 0.713651 0.123961
2 0.227017 0.69318 0.0798031
2 0.248687 0.708717 0.0425959
2 0.268464 0.697749 0.0337871
2 0.290314 0.689193 0.0204932
2 0.212485 0.765325 0.0221907
2 0.0778071 0.909342 0.0128512
2 0.0471214 0.943428 0.00945074
2 0.0523647 0.932476 0.0151594
2 0.064397 0.921703 0.0138999
2 0.0470769 0.942089 0.0108345
2 0.0518054 0.937009 0.0111858
2 0.0824123 0.902562 0.0150253
2 0.175441 0.803184 0.0213752
2 0.178101 0.791824 0.0300753
2 0.148993 0.806205 0.044802
2 0.17862 0.765921 0.0554585
2 0.216853 0.715285 0.0678617
2 0.193863 0.723603 0.0825331
2 0.200521 0.697638 0.101841
2 0.141657 0.75397 0.104373
2 0.201524 0.678482 0.119995
2 0.180666 0.667657 0.151677
2 0.117149 0.80592 0.0769309
2 0.143035 0.787001 0.0699635
2 0.0967461 0.831708 0.0715459
2 0.0729755 0.879355 0.0476692
2 0.0663592 0.893756 0.0398844
2 0.0870077 0.868921 0.0440714
2 0.195206 0.703355 0.101439
2 0.283107 0.624671 0.092222
2 0.297882 0.594149 0.107969
2 0.261034 0.665828 0.0731386
2 0.0828201 0.872495 0.0446854
2 0.0289503 0.929947 0.0411032
2 0.0264619 0.917805 0.0557331
2 0.0322243 0.880926 0.0868495
2 0.0445094 0.888841 0.0666499
2 0.0748558 0.885437 0.039707
2 0.259789 0.695846 0.0443645
2 0.412229 0.540159 0.047612
2 0.448168 0.476817 0.0750144
