Secondary Structure Prediction Output by cSVM (Part of BalancedSSP)
TARGET: Q07108, Length: 60

SR#  AA  cSVM  pBeta  pCoil  pHelix
1    M   C     0.337  0.343  0.319
2    S   H     0.341  0.315  0.344
3    S   H     0.329  0.291  0.381
4    E   H     0.321  0.280  0.399
5    N   H     0.348  0.267  0.385
6    C   E     0.368  0.266  0.366
7    F   E     0.380  0.286  0.334
8    V   E     0.364  0.308  0.328
9    A   E     0.357  0.338  0.305
10   E   C     0.342  0.360  0.298
11   N   C     0.340  0.374  0.286
12   S   C     0.340  0.384  0.277
13   S   C     0.346  0.385  0.268
14   L   C     0.347  0.388  0.265
15   H   C     0.349  0.392  0.259
16   P   C     0.360  0.378  0.261
17   E   C     0.351  0.383  0.266
18   S   C     0.346  0.384  0.270
19   G   C     0.339  0.391  0.269
20   Q   C     0.343  0.393  0.264
21   E   C     0.330  0.399  0.272
22   N   C     0.327  0.400  0.274
23   D   C     0.328  0.401  0.272
24   A   C     0.332  0.396  0.272
25   T   C     0.328  0.397  0.275
26   S   C     0.329  0.393  0.278
27   P   C     0.343  0.384  0.273
28   H   C     0.337  0.388  0.275
29   F   C     0.344  0.378  0.278
30   S   C     0.332  0.395  0.273
31   T   C     0.332  0.396  0.272
32   R   C     0.339  0.391  0.270
33   H   C     0.349  0.382  0.269
34   E   C     0.350  0.379  0.272
35   G   C     0.331  0.391  0.278
36   S   C     0.326  0.404  0.270
37   F   C     0.327  0.408  0.265
38   Q   C     0.328  0.409  0.263
39   V   C     0.329  0.405  0.266
40   P   C     0.345  0.394  0.261
41   V   E     0.371  0.364  0.266
42   L   E     0.379  0.348  0.273
43   C   C     0.349  0.356  0.295
44   A   C     0.346  0.363  0.291
45   V   C     0.337  0.376  0.287
46   M   C     0.332  0.380  0.288
47   N   C     0.323  0.392  0.285
48   V   C     0.323  0.381  0.296
49   V   C     0.327  0.383  0.291
50   F   C     0.326  0.390  0.284
51   I   C     0.323  0.397  0.280
52   T   C     0.320  0.398  0.282
53   I   C     0.327  0.397  0.276
54   L   C     0.324  0.378  0.298
55   I   C     0.330  0.362  0.308
56   I   C     0.343  0.354  0.303
57   A   C     0.348  0.350  0.302
58   L   E     0.349  0.349  0.302
59   I   C     0.350  0.353  0.297
60   A   C     0.342  0.372  0.286
