labels 4 2 1
4 0.644363 0.270221 0.0854153
2 0.394378 0.554504 0.0511182
2 0.248863 0.677718 0.0734195
2 0.111605 0.825157 0.0632376
2 0.113907 0.8242 0.0618935
2 0.0506072 0.918775 0.0306174
2 0.0566019 0.918787 0.0246111
2 0.0691875 0.907172 0.0236402
2 0.152843 0.805578 0.0415789
2 0.149572 0.795595 0.0548333
2 0.247328 0.680681 0.0719908
2 0.262805 0.665504 0.0716911
2 0.193443 0.765263 0.0412941
2 0.211093 0.721189 0.0677173
2 0.250621 0.679811 0.069568
2 0.156378 0.696785 0.146837
2 0.139144 0.708335 0.152522
2 0.141892 0.732093 0.126015
2 0.228989 0.611108 0.159903
2 0.189749 0.66476 0.145491
2 0.242682 0.573375 0.183943
2 0.297139 0.417186 0.285675
2 0.293107 0.380383 0.326509
2 0.284341 0.396189 0.31947
2 0.320113 0.382793 0.297093
2 0.282128 0.410303 0.307568
2 0.283169 0.373329 0.343502
2 0.153376 0.488362 0.358262
2 0.112193 0.601451 0.286356
2 0.198113 0.592792 0.209095
2 0.23043 0.568572 0.200998
2 0.211275 0.660636 0.128089
2 0.182876 0.728097 0.0890276
2 0.191371 0.716008 0.0926209
2 0.297557 0.645458 0.0569848
2 0.319276 0.639373 0.0413501
2 0.222201 0.744584 0.0332155
2 0.189332 0.793488 0.0171801
2 0.140711 0.841746 0.0175433
2 0.072538 0.912231 0.0152309
2 0.0473057 0.933305 0.0193893
2 0.0379005 0.939341 0.0227583
2 0.0203086 0.956882 0.0228095
2 0.0412107 0.937415 0.0213745
2 0.0565773 0.926249 0.0171741
2 0.117671 0.853621 0.0287082
2 0.257843 0.688144 0.0540125
2 0.16002 0.786662 0.0533176
2 0.100632 0.858403 0.0409648
2 0.045612 0.922656 0.0317319
2 0.0450466 0.92003 0.0349232
2 0.0492225 0.903553 0.0472246
2 0.0369899 0.917915 0.045095
2 0.0204575 0.92274 0.0568027
2 0.0182274 0.896234 0.0855388
2 0.0171956 0.861947 0.120857
2 0.0307921 0.872036 0.0971714
2 0.0405009 0.855027 0.104472
2 0.0779662 0.799538 0.122496
2 0.326699 0.462667 0.210633
