Secondary Structure Prediction Output (Part of REGAd3p ASA Prediction)
TARGET: Q07108, Length: 60

SR#  AA  SSp  pCoil          pBeta          pHelix
1    M   C    0.644363       0.270221       0.0854153
2    S   E    0.394378       0.554504       0.0511182
3    S   E    0.248863       0.677718       0.0734195
4    E   E    0.111605       0.825157       0.0632376
5    N   E    0.113907       0.8242         0.0618935
6    C   E    0.0506072      0.918775       0.0306174
7    F   E    0.0566019      0.918787       0.0246111
8    V   E    0.0691875      0.907172       0.0236402
9    A   E    0.152843       0.805578       0.0415789
10   E   E    0.149572       0.795595       0.0548333
11   N   E    0.247328       0.680681       0.0719908
12   S   E    0.262805       0.665504       0.0716911
13   S   E    0.193443       0.765263       0.0412941
14   L   E    0.211093       0.721189       0.0677173
15   H   E    0.250621       0.679811       0.069568
16   P   E    0.156378       0.696785       0.146837
17   E   E    0.139144       0.708335       0.152522
18   S   E    0.141892       0.732093       0.126015
19   G   E    0.228989       0.611108       0.159903
20   Q   E    0.189749       0.66476        0.145491
21   E   E    0.242682       0.573375       0.183943
22   N   E    0.297139       0.417186       0.285675
23   D   E    0.293107       0.380383       0.326509
24   A   E    0.284341       0.396189       0.31947
25   T   E    0.320113       0.382793       0.297093
26   S   E    0.282128       0.410303       0.307568
27   P   E    0.283169       0.373329       0.343502
28   H   E    0.153376       0.488362       0.358262
29   F   E    0.112193       0.601451       0.286356
30   S   E    0.198113       0.592792       0.209095
31   T   E    0.23043        0.568572       0.200998
32   R   E    0.211275       0.660636       0.128089
33   H   E    0.182876       0.728097       0.0890276
34   E   E    0.191371       0.716008       0.0926209
35   G   E    0.297557       0.645458       0.0569848
36   S   E    0.319276       0.639373       0.0413501
37   F   E    0.222201       0.744584       0.0332155
38   Q   E    0.189332       0.793488       0.0171801
39   V   E    0.140711       0.841746       0.0175433
40   P   E    0.072538       0.912231       0.0152309
41   V   E    0.0473057      0.933305       0.0193893
42   L   E    0.0379005      0.939341       0.0227583
43   C   E    0.0203086      0.956882       0.0228095
44   A   E    0.0412107      0.937415       0.0213745
45   V   E    0.0565773      0.926249       0.0171741
46   M   E    0.117671       0.853621       0.0287082
47   N   E    0.257843       0.688144       0.0540125
48   V   E    0.16002        0.786662       0.0533176
49   V   E    0.100632       0.858403       0.0409648
50   F   E    0.045612       0.922656       0.0317319
51   I   E    0.0450466      0.92003        0.0349232
52   T   E    0.0492225      0.903553       0.0472246
53   I   E    0.0369899      0.917915       0.045095
54   L   E    0.0204575      0.92274        0.0568027
55   I   E    0.0182274      0.896234       0.0855388
56   I   E    0.0171956      0.861947       0.120857
57   A   E    0.0307921      0.872036       0.0971714
58   L   E    0.0405009      0.855027       0.104472
59   I   E    0.0779662      0.799538       0.122496
60   A   E    0.326699       0.462667       0.210633
END
