labels 4 2 1
2 0.356984 0.492833 0.150184
2 0.123222 0.827147 0.0496311
2 0.116284 0.855482 0.0282339
2 0.0699134 0.903911 0.0261754
2 0.0362611 0.929366 0.0343725
2 0.0463024 0.914008 0.0396894
2 0.0420742 0.933337 0.0245892
2 0.0378983 0.947124 0.0149776
2 0.0284123 0.951093 0.0204951
2 0.0305286 0.948575 0.0208969
2 0.0251907 0.937786 0.0370233
2 0.022999 0.955897 0.0211041
2 0.0263623 0.959908 0.0137293
2 0.0292877 0.950883 0.0198288
2 0.043447 0.915436 0.0411168
2 0.0661424 0.873072 0.0607857
2 0.0344729 0.872298 0.0932288
2 0.0661134 0.8031 0.130786
2 0.141413 0.706525 0.152062
2 0.107186 0.780159 0.112655
2 0.0375896 0.891693 0.0707176
2 0.064934 0.873124 0.0619418
2 0.104557 0.831928 0.063515
2 0.0790261 0.874935 0.0460385
2 0.0987463 0.827719 0.0735351
2 0.170296 0.736653 0.0930514
2 0.193634 0.702606 0.10376
2 0.217574 0.710983 0.071443
2 0.0755669 0.880261 0.0441721
2 0.0456696 0.922936 0.0313942
2 0.0882255 0.87794 0.0338347
2 0.141014 0.774895 0.0840903
2 0.0874881 0.824367 0.0881444
2 0.0500276 0.848884 0.101088
2 0.0237054 0.931497 0.044798
2 0.00638007 0.956554 0.0370663
2 0.00595991 0.965582 0.0284582
2 0.00215443 0.962835 0.0350105
2 0.00159968 0.971228 0.027172
2 0.000580077 0.972457 0.0269633
2 0.00166952 0.978807 0.0195233
2 0.00655246 0.947169 0.0462783
2 0.012094 0.932878 0.0550281
2 0.0439863 0.868265 0.0877489
2 0.0989316 0.790832 0.110236
2 0.16254 0.762304 0.0751559
2 0.194425 0.650702 0.154873
2 0.260369 0.562975 0.176656
2 0.302067 0.511639 0.186294
2 0.205983 0.695478 0.098539
2 0.0754194 0.84536 0.0792208
2 0.0686627 0.870964 0.0603738
2 0.0417131 0.924636 0.0336505
2 0.024932 0.958111 0.0169571
2 0.0123423 0.979571 0.00808641
2 0.0172767 0.97418 0.00854313
2 0.024603 0.956621 0.0187755
2 0.0390366 0.919733 0.0412302
2 0.0837638 0.863913 0.0523233
2 0.271962 0.648193 0.0798452
