labels 4 2 1
4 0.707744 0.260473 0.0317833
4 0.5396 0.438848 0.0215524
4 0.566763 0.407067 0.0261701
2 0.305025 0.668144 0.0268314
2 0.183243 0.797986 0.0187713
2 0.143211 0.838304 0.0184851
2 0.170762 0.807884 0.0213538
2 0.227671 0.751045 0.021284
2 0.199812 0.78441 0.0157787
2 0.149485 0.838357 0.0121586
2 0.14014 0.847322 0.0125388
2 0.161208 0.815307 0.0234842
2 0.188785 0.773662 0.0375534
2 0.112648 0.842348 0.0450041
2 0.0664127 0.903315 0.0302724
2 0.0563421 0.920018 0.0236395
2 0.0845953 0.880614 0.0347902
2 0.120043 0.846418 0.0335388
2 0.0602742 0.912306 0.0274199
2 0.0706139 0.894714 0.0346725
2 0.0645747 0.90571 0.0297148
2 0.125189 0.833282 0.0415294
2 0.0859977 0.841604 0.0723981
2 0.0413037 0.857938 0.100758
2 0.0490726 0.810435 0.140493
2 0.0871633 0.730493 0.182344
2 0.117207 0.745419 0.137374
2 0.187307 0.703438 0.109255
2 0.264933 0.646037 0.0890298
2 0.257109 0.680991 0.061901
2 0.173187 0.765191 0.0616219
2 0.121525 0.82341 0.0550647
2 0.0568185 0.878079 0.0651028
2 0.0341797 0.913053 0.0527669
2 0.0223158 0.925167 0.0525169
2 0.0700758 0.832153 0.097771
2 0.131115 0.766963 0.101922
2 0.10753 0.83811 0.05436
2 0.0668742 0.907539 0.0255865
2 0.032687 0.955181 0.0121321
2 0.043642 0.943482 0.012876
2 0.089149 0.892035 0.0188163
2 0.0659803 0.912771 0.021249
2 0.0707585 0.907786 0.021455
2 0.0872734 0.894594 0.0181323
2 0.10057 0.88181 0.0176194
2 0.112948 0.859893 0.0271594
2 0.126922 0.849178 0.0239
2 0.141711 0.832154 0.0261352
2 0.129169 0.855404 0.0154262
2 0.13377 0.85412 0.0121092
2 0.0848564 0.90342 0.0117238
2 0.072087 0.917688 0.0102245
2 0.0650743 0.918327 0.0165987
2 0.0931624 0.884008 0.0228299
2 0.0932388 0.88676 0.0200017
2 0.0627195 0.909994 0.0272862
2 0.0460131 0.930434 0.0235529
2 0.184264 0.77648 0.0392555
4 0.496741 0.402553 0.100706
