labels 4 2 1
4 0.742002 0.185365 0.0726326
2 0.41606 0.445821 0.138119
2 0.358525 0.485185 0.156289
2 0.153439 0.57907 0.267491
2 0.130528 0.705885 0.163587
2 0.0649305 0.731502 0.203568
2 0.0606235 0.721681 0.217695
2 0.101646 0.624775 0.273578
2 0.158402 0.544009 0.297589
2 0.142063 0.548919 0.309017
2 0.0806928 0.624845 0.294462
2 0.115557 0.569237 0.315206
2 0.203946 0.522359 0.273695
2 0.186652 0.63654 0.176808
2 0.0908318 0.796144 0.113025
2 0.0957298 0.837009 0.0672608
2 0.120437 0.822337 0.0572263
2 0.0764103 0.877343 0.0462462
2 0.076066 0.848968 0.0749656
2 0.0686292 0.847779 0.083592
2 0.207007 0.678706 0.114287
2 0.270294 0.602985 0.126721
2 0.299813 0.561082 0.139105
2 0.345691 0.392436 0.261873
2 0.364259 0.448946 0.186795
2 0.312363 0.551133 0.136504
2 0.296171 0.579564 0.124266
2 0.173732 0.706561 0.119708
2 0.148094 0.719316 0.13259
2 0.158742 0.619007 0.222251
2 0.0702687 0.810937 0.118794
2 0.0621495 0.787221 0.150629
2 0.0901985 0.67742 0.232381
2 0.123566 0.640778 0.235656
2 0.146265 0.682943 0.170791
2 0.10467 0.677374 0.217956
2 0.217267 0.613216 0.169517
2 0.294871 0.487827 0.217302
2 0.150968 0.694296 0.154736
2 0.121904 0.774954 0.103142
2 0.13079 0.761755 0.107454
2 0.11795 0.783732 0.0983179
2 0.148737 0.750621 0.100641
2 0.237414 0.66452 0.0980669
2 0.312602 0.615569 0.0718287
2 0.350284 0.524182 0.125534
2 0.349152 0.490763 0.160085
2 0.367093 0.44675 0.186157
2 0.278263 0.559086 0.162651
2 0.167479 0.710616 0.121905
2 0.210609 0.6644 0.12499
2 0.190166 0.686689 0.123144
2 0.198114 0.680173 0.121713
2 0.177941 0.686022 0.136037
2 0.150145 0.753388 0.0964667
2 0.175235 0.725092 0.0996735
2 0.193175 0.72384 0.0829853
2 0.328603 0.609326 0.0620711
4 0.535374 0.41562 0.0490054
4 0.725565 0.200048 0.0743867
