labels 4 2 1
2 0.414844 0.515858 0.0692981
2 0.137221 0.828765 0.0340133
2 0.0893513 0.847057 0.0635912
2 0.0914363 0.758351 0.150213
2 0.11695 0.580895 0.302155
2 0.186291 0.446747 0.366962
2 0.324036 0.44567 0.230294
2 0.42773 0.481013 0.0912573
4 0.555628 0.385037 0.059335
4 0.537999 0.387843 0.0741572
2 0.344385 0.58834 0.0672748
2 0.271902 0.612212 0.115886
2 0.162219 0.671545 0.166236
2 0.154015 0.672279 0.173707
2 0.189761 0.634083 0.176156
2 0.309589 0.515435 0.174976
2 0.316788 0.482314 0.200898
2 0.227998 0.563558 0.208445
2 0.145677 0.716065 0.138258
2 0.123468 0.786426 0.0901062
2 0.0358712 0.893209 0.0709198
2 0.0610071 0.887353 0.0516394
2 0.0902329 0.878506 0.0312612
2 0.137185 0.851371 0.0114442
2 0.0466203 0.945316 0.00806402
2 0.023397 0.971517 0.00508622
2 0.0268877 0.965884 0.007228
2 0.0562362 0.93224 0.0115238
2 0.0464356 0.932794 0.0207708
2 0.0365949 0.94297 0.0204347
2 0.0564506 0.915814 0.0277356
2 0.0594586 0.903773 0.0367684
2 0.0313199 0.936643 0.0320375
2 0.0388695 0.923048 0.0380828
2 0.0425912 0.924521 0.0328877
2 0.103769 0.849026 0.0472056
2 0.106084 0.822443 0.0714737
2 0.074462 0.855501 0.0700373
2 0.0664241 0.877425 0.0561507
2 0.0880969 0.830447 0.0814559
2 0.0938529 0.775261 0.130886
2 0.117442 0.711722 0.170836
2 0.155745 0.621602 0.222653
2 0.252796 0.469727 0.277477
4 0.350718 0.341338 0.307944
4 0.462315 0.263966 0.273718
4 0.402427 0.348273 0.2493
2 0.285212 0.531565 0.183223
2 0.224092 0.563075 0.212833
2 0.140004 0.685623 0.174373
2 0.0992539 0.635959 0.264787
2 0.0897568 0.651219 0.259024
2 0.0818907 0.67085 0.247259
2 0.0731217 0.704397 0.222481
2 0.0718963 0.769461 0.158643
2 0.0972993 0.807459 0.0952421
2 0.192839 0.719027 0.088134
2 0.322846 0.602976 0.0741779
2 0.401108 0.542588 0.0563039
4 0.627676 0.304614 0.0677095
