labels 4 2 1
4 0.62616 0.136991 0.236848
4 0.471879 0.349398 0.178723
2 0.352016 0.465856 0.182127
2 0.184941 0.600029 0.21503
2 0.142912 0.647373 0.209715
2 0.200962 0.541087 0.257951
2 0.186424 0.57798 0.235596
2 0.135383 0.698353 0.166263
2 0.156879 0.717646 0.125475
2 0.265826 0.599961 0.134212
2 0.228942 0.646139 0.124919
2 0.213595 0.706368 0.0800371
2 0.21334 0.692659 0.0940011
2 0.210435 0.671724 0.117841
2 0.146773 0.767735 0.0854916
2 0.188009 0.724847 0.0871437
2 0.183441 0.766089 0.0504696
2 0.198735 0.771626 0.029639
2 0.0944542 0.886936 0.0186099
2 0.0281338 0.963348 0.00851868
2 0.0151823 0.972475 0.0123427
2 0.0111024 0.979592 0.00930599
2 0.0101925 0.978218 0.0115895
2 0.0111621 0.961323 0.027515
2 0.0259578 0.924196 0.0498463
2 0.116174 0.820459 0.063367
2 0.148784 0.772207 0.0790091
2 0.173607 0.717716 0.108677
2 0.12088 0.751827 0.127293
2 0.151032 0.690529 0.158439
2 0.128332 0.710344 0.161324
2 0.0818861 0.786824 0.131289
2 0.0819227 0.782322 0.135755
2 0.0712199 0.752155 0.176626
2 0.0890664 0.802717 0.108216
2 0.0455182 0.813624 0.140858
2 0.0279067 0.85596 0.116133
2 0.0167841 0.81677 0.166446
2 0.0332296 0.846378 0.120392
2 0.0881354 0.722822 0.189042
2 0.118228 0.731535 0.150236
2 0.090831 0.781963 0.127206
2 0.1108 0.75989 0.12931
2 0.122368 0.808072 0.0695605
2 0.0913545 0.872854 0.035791
2 0.0388176 0.942704 0.018478
2 0.0610648 0.910669 0.0282661
2 0.0785469 0.888421 0.0330321
2 0.0831366 0.888319 0.0285444
2 0.0921178 0.888004 0.0198781
2 0.146284 0.824066 0.0296505
2 0.134348 0.838496 0.0271553
2 0.119283 0.845255 0.0354616
2 0.136529 0.822988 0.040483
2 0.186804 0.760276 0.0529204
2 0.139409 0.825107 0.0354842
2 0.0990787 0.879771 0.0211503
2 0.0783448 0.906744 0.014911
2 0.173468 0.808746 0.0177865
2 0.404238 0.548665 0.0470974
