labels 4 2 1
2 0.279059 0.61922 0.101721
2 0.05633 0.894052 0.0496183
2 0.0462808 0.916592 0.0371269
2 0.0567794 0.915687 0.0275334
2 0.0756431 0.893601 0.0307555
2 0.0195775 0.958058 0.022364
2 0.0188543 0.960573 0.0205728
2 0.0199966 0.949826 0.0301769
2 0.0203029 0.957625 0.022072
2 0.00997743 0.955691 0.0343311
2 0.0129294 0.967816 0.0192549
2 0.0315972 0.944103 0.0243002
2 0.0667375 0.893887 0.0393751
2 0.0422121 0.917034 0.0407536
2 0.0615893 0.885587 0.0528233
2 0.0446297 0.904129 0.0512409
2 0.0410474 0.9268 0.0321521
2 0.0613665 0.908726 0.0299077
2 0.0342797 0.950231 0.0154896
2 0.0155804 0.97957 0.00484978
2 0.0149531 0.981629 0.00341822
2 0.0130727 0.983032 0.00389534
2 0.0180636 0.977023 0.00491315
2 0.0406172 0.951825 0.0075576
2 0.0849224 0.90722 0.00785805
2 0.109357 0.882056 0.00858686
2 0.134701 0.843795 0.0215041
2 0.119282 0.853777 0.0269411
2 0.0728678 0.907877 0.0192553
2 0.0674733 0.920123 0.0124037
2 0.0658576 0.927144 0.00699881
2 0.063881 0.930946 0.00517336
2 0.059057 0.932664 0.00827928
2 0.028035 0.967349 0.00461569
2 0.0170577 0.979872 0.00307013
2 0.0104811 0.986185 0.00333437
2 0.00800891 0.987762 0.00422898
2 0.0098347 0.98643 0.00373501
2 0.0236232 0.970592 0.00578441
2 0.0416122 0.948094 0.0102942
2 0.0972048 0.88628 0.0165148
2 0.0960498 0.892072 0.0118782
2 0.108253 0.877823 0.0139242
2 0.122674 0.844066 0.0332599
2 0.164374 0.783628 0.0519978
2 0.160517 0.782166 0.0573168
2 0.0993923 0.880618 0.0199894
2 0.0618324 0.919764 0.0184033
2 0.0307102 0.955309 0.0139812
2 0.0344899 0.94919 0.0163206
2 0.0617924 0.916634 0.0215736
2 0.050957 0.927896 0.0211467
2 0.0315855 0.938884 0.0295306
2 0.0275111 0.930856 0.0416332
2 0.0252402 0.936174 0.0385861
2 0.0340371 0.90328 0.0626828
2 0.0223906 0.89915 0.0784595
2 0.0352527 0.904619 0.0601281
2 0.0606104 0.878664 0.0607258
2 0.0851009 0.846087 0.0688125
