labels 4 2 1
4 0.488672 0.469526 0.0418016
2 0.334861 0.645448 0.0196907
2 0.230793 0.743433 0.0257737
2 0.227602 0.753949 0.0184491
2 0.141754 0.831051 0.0271946
2 0.1456 0.829227 0.0251724
2 0.101371 0.876728 0.0219002
2 0.0694548 0.895642 0.0349037
2 0.0218851 0.937785 0.0403302
2 0.0109737 0.960986 0.0280401
2 0.0158624 0.929269 0.0548682
2 0.0307374 0.889239 0.0800231
2 0.0322676 0.723857 0.243875
2 0.0581185 0.552669 0.389212
1 0.07359 0.378722 0.547688
1 0.169919 0.348361 0.481719
1 0.129042 0.363411 0.507547
2 0.113677 0.473627 0.412696
2 0.112597 0.522692 0.364712
2 0.0856592 0.713774 0.200566
2 0.100219 0.694955 0.204827
2 0.0775038 0.858468 0.0640282
2 0.0915323 0.841831 0.0666363
2 0.108977 0.853788 0.0372349
2 0.066167 0.908559 0.0252738
2 0.025159 0.952534 0.0223073
2 0.0280188 0.948741 0.0232401
2 0.0240548 0.962963 0.0129822
2 0.0143407 0.976125 0.00953438
2 0.00635008 0.988053 0.00559683
2 0.00530499 0.987717 0.0069776
2 0.00784553 0.985677 0.00647778
2 0.00860638 0.984299 0.00709462
2 0.00855126 0.987651 0.00379782
2 0.0106702 0.985911 0.00341919
2 0.00966083 0.987495 0.00284451
2 0.0105725 0.985985 0.00344248
2 0.0057031 0.99103 0.00326657
2 0.00858419 0.987979 0.00343662
2 0.0451231 0.942194 0.0126831
2 0.11172 0.844338 0.0439418
2 0.188736 0.755073 0.0561914
2 0.268547 0.681311 0.050142
2 0.12292 0.847443 0.0296373
2 0.0241826 0.95747 0.0183474
2 0.0196322 0.959538 0.0208297
2 0.00632151 0.953526 0.0401526
2 0.00484318 0.922363 0.0727938
2 0.00424235 0.843369 0.152389
2 0.00652999 0.915945 0.0775253
2 0.0103341 0.920774 0.0688917
2 0.0175394 0.926207 0.0562539
2 0.0117812 0.884873 0.103345
2 0.0220425 0.859931 0.118027
2 0.0433822 0.869378 0.0872402
2 0.0437211 0.920821 0.0354574
2 0.0539266 0.90623 0.0398432
2 0.0650719 0.908926 0.0260022
2 0.126269 0.855782 0.017949
2 0.373923 0.55859 0.0674866
