labels 4 2 1
4 0.683899 0.275569 0.0405318
4 0.576493 0.37593 0.0475771
2 0.45795 0.482237 0.0598137
2 0.279984 0.659426 0.0605899
2 0.186692 0.780278 0.03303
2 0.232044 0.741815 0.0261412
2 0.137982 0.838735 0.0232821
2 0.146894 0.828611 0.0244954
2 0.229246 0.743505 0.0272483
2 0.284241 0.697564 0.0181941
2 0.172071 0.814301 0.0136276
2 0.202308 0.787425 0.0102666
2 0.202874 0.787003 0.0101235
2 0.214296 0.775209 0.0104947
2 0.177724 0.805493 0.0167832
2 0.239855 0.740824 0.0193213
2 0.26346 0.713499 0.0230409
2 0.280477 0.703671 0.0158524
2 0.1958 0.799036 0.00516406
2 0.183714 0.811269 0.00501633
2 0.177357 0.815151 0.00749209
2 0.104063 0.885627 0.0103098
2 0.0500567 0.943003 0.00693992
2 0.0598417 0.935147 0.00501076
2 0.0826555 0.912026 0.00531868
2 0.0971429 0.894559 0.00829789
2 0.125382 0.8676 0.00701802
2 0.0806843 0.912684 0.00663198
2 0.14484 0.84859 0.00657059
2 0.110428 0.88595 0.00362155
2 0.164087 0.832621 0.00329162
2 0.278727 0.717441 0.00383177
2 0.276616 0.718639 0.00474577
2 0.211403 0.784533 0.004064
2 0.261507 0.734742 0.00375055
2 0.158272 0.83829 0.00343867
2 0.237363 0.75658 0.00605726
2 0.199813 0.786332 0.0138547
2 0.168225 0.818595 0.01318
2 0.14871 0.839219 0.0120718
2 0.137591 0.847175 0.0152336
2 0.245546 0.73208 0.0223736
2 0.360494 0.616742 0.0227639
2 0.229189 0.751854 0.0189575
2 0.258879 0.723945 0.0171765
2 0.183797 0.798082 0.0181209
2 0.0774644 0.913761 0.00877462
2 0.173677 0.813828 0.0124942
2 0.178816 0.803167 0.0180173
2 0.198102 0.785738 0.0161603
2 0.126504 0.859015 0.0144812
2 0.0707528 0.91986 0.0093874
2 0.0910626 0.899756 0.00918168
2 0.117852 0.866121 0.0160271
2 0.156504 0.821961 0.0215355
2 0.412294 0.541438 0.0462678
2 0.40881 0.505133 0.0860569
2 0.370031 0.536687 0.0932826
2 0.435415 0.452405 0.112181
4 0.596597 0.334477 0.0689267
