labels 4 2 1
4 0.616817 0.218213 0.16497
4 0.4745 0.386186 0.139313
4 0.416371 0.402602 0.181027
2 0.300534 0.537593 0.161873
2 0.183448 0.747893 0.0686591
2 0.155357 0.811906 0.0327373
2 0.184035 0.77818 0.037786
2 0.216144 0.740688 0.0431675
2 0.159783 0.759067 0.0811496
2 0.151723 0.776343 0.0719338
2 0.0716702 0.880703 0.0476263
2 0.0920642 0.873347 0.0345889
2 0.0871479 0.876119 0.036733
2 0.0906372 0.885031 0.0243322
2 0.0880761 0.877571 0.0343532
2 0.192429 0.761244 0.0463266
2 0.206082 0.73997 0.0539483
2 0.236751 0.721287 0.0419621
2 0.240792 0.678772 0.0804354
2 0.34591 0.545605 0.108485
2 0.334243 0.558342 0.107414
2 0.280936 0.620361 0.0987025
2 0.245656 0.660865 0.0934788
2 0.303929 0.534232 0.161839
2 0.267691 0.495104 0.237205
2 0.314098 0.505228 0.180675
2 0.241067 0.585378 0.173556
2 0.175038 0.679312 0.14565
2 0.182018 0.701387 0.116595
2 0.332825 0.562602 0.104573
2 0.333318 0.592403 0.0742788
2 0.336878 0.597531 0.0655911
2 0.243477 0.678797 0.0777263
2 0.258076 0.692469 0.0494545
2 0.290119 0.651959 0.0579223
2 0.242076 0.711018 0.0469061
2 0.232605 0.711666 0.0557284
2 0.402654 0.538178 0.0591678
2 0.417379 0.486785 0.0958363
2 0.32163 0.620634 0.0577363
2 0.179894 0.744479 0.0756265
2 0.299635 0.623153 0.0772127
2 0.408946 0.495062 0.0959923
2 0.388076 0.517726 0.0941975
2 0.451935 0.491343 0.0567224
2 0.356775 0.609301 0.0339237
2 0.255417 0.708626 0.0359567
2 0.205639 0.769983 0.0243785
2 0.173022 0.810576 0.0164015
2 0.138189 0.845742 0.0160691
2 0.0816537 0.902306 0.0160405
2 0.0964875 0.88678 0.0167324
2 0.136366 0.833667 0.0299674
2 0.108751 0.842232 0.0490168
2 0.169982 0.777484 0.0525339
2 0.196442 0.755897 0.0476615
2 0.190392 0.756478 0.0531305
2 0.143902 0.795416 0.0606817
2 0.346775 0.577757 0.0754671
4 0.693926 0.205756 0.100318
