labels 4 2 1
4 0.522874 0.393196 0.0839302
2 0.316928 0.618149 0.0649227
2 0.272624 0.649077 0.0782993
2 0.239167 0.660886 0.0999467
2 0.189393 0.715831 0.0947764
2 0.239003 0.700053 0.0609444
2 0.325167 0.620605 0.054228
2 0.307847 0.636905 0.0552474
2 0.276442 0.664195 0.0593624
2 0.285538 0.659376 0.0550861
2 0.338042 0.607106 0.0548517
2 0.354718 0.576995 0.0682865
2 0.273484 0.644956 0.0815606
2 0.292173 0.618137 0.08969
2 0.431993 0.476002 0.0920048
2 0.419989 0.50321 0.0768004
2 0.388655 0.562389 0.0489556
2 0.409566 0.551969 0.0384647
2 0.444365 0.520579 0.0350553
2 0.440735 0.515843 0.0434218
2 0.284708 0.675055 0.0402375
2 0.291485 0.663163 0.0453517
2 0.33419 0.616674 0.0491366
2 0.386564 0.520747 0.0926896
2 0.377323 0.511392 0.111284
4 0.496679 0.419449 0.0838712
4 0.572286 0.362878 0.0648354
4 0.653025 0.314955 0.0320193
4 0.564889 0.393546 0.0415644
2 0.439374 0.486893 0.0737326
2 0.368347 0.558129 0.0735238
2 0.445953 0.462668 0.091379
2 0.381946 0.464239 0.153815
2 0.387583 0.411844 0.200573
2 0.362896 0.445316 0.191788
2 0.401608 0.423843 0.174549
4 0.391154 0.370376 0.238471
2 0.256845 0.499861 0.243294
2 0.225981 0.519636 0.254383
2 0.234464 0.472344 0.293192
2 0.207135 0.42048 0.372385
2 0.130455 0.459493 0.410052
2 0.183363 0.470448 0.346189
2 0.254565 0.483091 0.262344
2 0.226346 0.493588 0.280066
2 0.229736 0.533724 0.23654
2 0.22014 0.658435 0.121424
2 0.175597 0.738742 0.0856611
2 0.136625 0.698748 0.164627
2 0.104634 0.728295 0.167071
2 0.161929 0.650423 0.187648
2 0.156568 0.65682 0.186613
2 0.0821088 0.841773 0.0761177
2 0.0501196 0.883943 0.0659375
2 0.0394809 0.90243 0.0580895
2 0.039059 0.875799 0.0851419
2 0.0549494 0.824109 0.120942
2 0.148225 0.734302 0.117473
2 0.370787 0.517188 0.112024
4 0.653748 0.232808 0.113445
