Secondary Structure Prediction Output by cSVM (Part of BalancedSSP)
TARGET: P20810-1, Length: 60

SR#  AA  cSVM  pBeta  pCoil  pHelix
1    M   C     0.328  0.370  0.302
2    N   C     0.339  0.351  0.311
3    P   E     0.356  0.310  0.335
4    T   E     0.371  0.290  0.338
5    E   E     0.388  0.283  0.329
6    T   E     0.375  0.297  0.328
7    K   E     0.390  0.301  0.309
8    A   E     0.375  0.307  0.318
9    I   E     0.393  0.315  0.292
10   P   E     0.382  0.333  0.285
11   V   E     0.379  0.341  0.280
12   S   C     0.349  0.372  0.278
13   Q   C     0.359  0.372  0.269
14   Q   C     0.358  0.374  0.268
15   M   C     0.356  0.379  0.265
16   E   C     0.354  0.381  0.265
17   G   C     0.343  0.396  0.260
18   P   C     0.354  0.391  0.254
19   H   C     0.372  0.376  0.251
20   L   C     0.372  0.376  0.251
21   P   E     0.375  0.369  0.256
22   N   E     0.373  0.368  0.260
23   K   C     0.362  0.374  0.265
24   K   C     0.347  0.387  0.266
25   K   C     0.344  0.388  0.268
26   H   C     0.346  0.384  0.271
27   K   C     0.341  0.392  0.267
28   K   C     0.349  0.391  0.260
29   Q   C     0.351  0.388  0.261
30   A   C     0.358  0.380  0.263
31   V   C     0.357  0.379  0.264
32   K   C     0.367  0.376  0.257
33   T   E     0.372  0.368  0.260
34   E   E     0.387  0.360  0.254
35   P   E     0.376  0.361  0.263
36   E   E     0.380  0.360  0.260
37   K   C     0.364  0.372  0.264
38   K   C     0.364  0.377  0.259
39   S   C     0.358  0.380  0.262
40   Q   C     0.358  0.382  0.260
41   S   C     0.356  0.380  0.264
42   T   C     0.366  0.374  0.260
43   K   E     0.380  0.364  0.256
44   L   E     0.399  0.350  0.252
45   S   E     0.404  0.346  0.250
46   V   E     0.407  0.341  0.252
47   V   E     0.408  0.341  0.251
48   H   E     0.396  0.348  0.256
49   E   E     0.386  0.356  0.258
50   K   C     0.358  0.383  0.260
51   K   C     0.353  0.388  0.259
52   S   C     0.342  0.396  0.262
53   Q   C     0.331  0.405  0.264
54   E   C     0.351  0.385  0.264
55   G   C     0.337  0.394  0.269
56   K   C     0.339  0.400  0.261
57   P   C     0.352  0.390  0.257
58   K   C     0.344  0.398  0.258
59   E   C     0.352  0.388  0.259
60   H   C     0.331  0.405  0.264
