labels 4 2 1
4 0.590993 0.395085 0.0139223
2 0.352356 0.639197 0.00844712
2 0.255589 0.725299 0.0191114
2 0.0900959 0.890846 0.0190582
2 0.0550111 0.923747 0.0212414
2 0.0669694 0.910698 0.022333
2 0.071938 0.896657 0.0314048
2 0.0476189 0.935317 0.0170636
2 0.0474918 0.938349 0.0141596
2 0.0850947 0.890852 0.0240529
2 0.106628 0.854282 0.0390899
2 0.121777 0.824426 0.0537964
2 0.12385 0.819676 0.0564741
2 0.115288 0.845193 0.0395192
2 0.106303 0.851412 0.0422851
2 0.112503 0.851269 0.0362277
2 0.216346 0.756707 0.0269469
2 0.280292 0.689881 0.029827
2 0.151163 0.826925 0.0219117
2 0.150812 0.81444 0.0347475
2 0.178523 0.7673 0.0541767
2 0.232371 0.68681 0.080819
2 0.278953 0.627284 0.0937631
2 0.267462 0.677817 0.0547213
2 0.281948 0.682161 0.035891
2 0.210985 0.760345 0.0286692
2 0.167441 0.808879 0.0236797
2 0.141663 0.834684 0.0236532
2 0.088875 0.893814 0.0173111
2 0.0683903 0.918594 0.0130157
2 0.0453181 0.944261 0.010421
2 0.0460706 0.942209 0.0117208
2 0.0378716 0.951193 0.0109357
2 0.0337175 0.956695 0.0095877
2 0.0417743 0.946824 0.0114019
2 0.0472367 0.939887 0.0128762
2 0.0867066 0.90027 0.0130235
2 0.212002 0.763354 0.0246443
2 0.180264 0.80215 0.0175867
2 0.129801 0.859757 0.0104419
2 0.107766 0.886322 0.00591261
2 0.123886 0.868368 0.00774641
2 0.110836 0.877841 0.0113229
2 0.0984886 0.887569 0.0139423
2 0.0567019 0.934449 0.008849
2 0.0386533 0.949885 0.0114621
2 0.0372025 0.949004 0.0137934
2 0.0391219 0.944578 0.0162999
2 0.0623466 0.918681 0.0189722
2 0.124018 0.854731 0.0212506
2 0.149585 0.821461 0.0289541
2 0.124252 0.84666 0.0290886
2 0.11769 0.847296 0.035013
2 0.133695 0.826628 0.0396778
2 0.156249 0.809436 0.0343143
2 0.160356 0.809979 0.0296654
2 0.150032 0.820148 0.0298207
2 0.158154 0.816132 0.0257137
2 0.242477 0.725095 0.0324271
4 0.496363 0.43793 0.0657065
