labels 4 2 1
4 0.567629 0.177124 0.255247
4 0.400184 0.366381 0.233434
2 0.374126 0.465799 0.160076
2 0.319538 0.590323 0.0901382
2 0.269873 0.626757 0.103371
2 0.216592 0.648418 0.13499
2 0.215318 0.665701 0.118981
2 0.15154 0.801185 0.0472748
2 0.0770102 0.902764 0.0202259
2 0.0472622 0.941163 0.0115749
2 0.0264985 0.961086 0.012415
2 0.0210545 0.96977 0.00917525
2 0.0173702 0.975887 0.00674231
2 0.0149348 0.979101 0.00596422
2 0.0123518 0.978552 0.00909661
2 0.0173683 0.965028 0.0176042
2 0.0192829 0.961874 0.0188428
2 0.0292054 0.945797 0.0249978
2 0.0472433 0.927903 0.0248538
2 0.0549972 0.921173 0.0238293
2 0.120869 0.828699 0.0504318
2 0.164551 0.720887 0.114562
2 0.21552 0.668447 0.116033
2 0.289438 0.633973 0.0765892
2 0.257027 0.681399 0.0615736
2 0.115761 0.826347 0.0578915
2 0.0760059 0.833654 0.0903402
2 0.115514 0.815027 0.069459
2 0.224488 0.677844 0.097668
2 0.238788 0.613822 0.14739
2 0.253434 0.540508 0.206058
2 0.223128 0.459164 0.317708
2 0.222365 0.431173 0.346462
1 0.160317 0.410471 0.429212
1 0.181724 0.393424 0.424852
2 0.178903 0.512024 0.309073
2 0.129192 0.684936 0.185872
2 0.0830074 0.695694 0.221299
2 0.0638456 0.643497 0.292657
2 0.0518629 0.643465 0.304672
2 0.0363626 0.823035 0.140602
2 0.0414751 0.886934 0.071591
2 0.0376111 0.866913 0.0954763
2 0.0192212 0.878196 0.102583
2 0.0219391 0.795909 0.182152
2 0.0466047 0.701598 0.251798
2 0.0753586 0.6112 0.313441
2 0.11361 0.669448 0.216943
2 0.176029 0.686365 0.137606
2 0.152793 0.720563 0.126644
2 0.0965987 0.701653 0.201748
2 0.0756967 0.787959 0.136344
2 0.0832559 0.809336 0.107408
2 0.0756413 0.815834 0.108524
2 0.0856604 0.818198 0.0961415
2 0.11242 0.801306 0.0862743
2 0.126275 0.803415 0.0703098
2 0.0858423 0.872972 0.0411858
2 0.116141 0.841189 0.0426706
2 0.264612 0.633483 0.101905
