labels 4 2 1
4 0.637123 0.205642 0.157235
2 0.330063 0.557856 0.112081
2 0.139599 0.715596 0.144805
2 0.0539769 0.873174 0.0728491
2 0.0169977 0.921351 0.0616514
2 0.022083 0.941266 0.0366511
2 0.0147038 0.954761 0.030535
2 0.0214369 0.948618 0.0299447
2 0.0223352 0.933739 0.0439261
2 0.0408768 0.922243 0.0368801
2 0.0222579 0.943162 0.0345797
2 0.0259584 0.932941 0.041101
2 0.0490805 0.877774 0.0731452
2 0.123796 0.809921 0.0662826
2 0.0913028 0.835842 0.0728554
2 0.0636582 0.857668 0.0786736
2 0.0615347 0.862776 0.0756894
2 0.120037 0.79055 0.0894136
2 0.149355 0.742646 0.107999
2 0.0911394 0.822466 0.0863945
2 0.102259 0.811883 0.085858
2 0.156431 0.705218 0.13835
2 0.135575 0.768971 0.0954542
2 0.151939 0.770899 0.0771626
2 0.130382 0.778772 0.0908469
2 0.0926941 0.822177 0.0851292
2 0.0257009 0.892901 0.0813982
2 0.00962818 0.935143 0.0552289
2 0.013489 0.935762 0.050749
2 0.0158974 0.940436 0.0436667
2 0.0157099 0.96363 0.0206596
2 0.0438365 0.869431 0.0867321
2 0.0668398 0.799554 0.133606
2 0.138436 0.725118 0.136446
2 0.163828 0.686231 0.149941
2 0.135831 0.678721 0.185447
2 0.198544 0.576773 0.224683
2 0.174637 0.551368 0.273995
2 0.0997857 0.750699 0.149516
2 0.0339488 0.892874 0.0731771
2 0.034584 0.891747 0.0736687
2 0.0401471 0.849162 0.110691
2 0.011317 0.954467 0.0342163
2 0.00383357 0.983417 0.0127497
2 0.00807667 0.979824 0.0120994
2 0.0183497 0.957297 0.0243532
2 0.0464256 0.922205 0.0313694
2 0.0879334 0.88489 0.0271764
2 0.0835973 0.87648 0.0399223
2 0.0421991 0.913278 0.0445228
2 0.0693672 0.855861 0.0747722
2 0.0589039 0.838058 0.103039
2 0.0504394 0.888997 0.0605638
2 0.0330021 0.916086 0.0509118
2 0.0196134 0.93829 0.0420965
2 0.024405 0.936254 0.0393408
2 0.0267852 0.934379 0.0388356
2 0.0503916 0.912068 0.0375403
2 0.182711 0.777264 0.0400253
4 0.483977 0.415134 0.100889
