labels 4 2 1
4 0.763937 0.203087 0.0329761
4 0.51851 0.452414 0.0290753
4 0.488384 0.475981 0.0356353
2 0.333597 0.615935 0.0504675
2 0.175795 0.750879 0.073326
2 0.117685 0.793131 0.0891836
2 0.122809 0.72971 0.147481
2 0.156547 0.562352 0.281101
1 0.190605 0.40354 0.405855
2 0.177126 0.580096 0.242779
2 0.146559 0.642406 0.211035
2 0.215452 0.632189 0.152359
2 0.418876 0.421103 0.160021
4 0.406559 0.399324 0.194117
2 0.333739 0.435335 0.230926
2 0.350172 0.449994 0.199834
2 0.272952 0.566631 0.160418
2 0.341507 0.530062 0.128431
2 0.355155 0.475343 0.169502
2 0.310696 0.504902 0.184402
2 0.405083 0.450528 0.144389
4 0.487394 0.323509 0.189097
2 0.341265 0.358304 0.300431
2 0.330555 0.40286 0.266585
2 0.386571 0.387077 0.226351
4 0.469577 0.38241 0.148013
4 0.450887 0.413601 0.135512
4 0.455458 0.404564 0.139978
4 0.522398 0.368383 0.109218
2 0.408552 0.450067 0.14138
2 0.321722 0.532505 0.145773
2 0.38196 0.522879 0.0951611
2 0.469635 0.476552 0.0538126
2 0.429052 0.521254 0.0496933
2 0.390505 0.55594 0.0535552
2 0.35288 0.567536 0.0795845
2 0.323251 0.596326 0.0804226
2 0.188345 0.752823 0.0588318
2 0.201677 0.736048 0.0622755
2 0.252206 0.652344 0.0954499
2 0.311361 0.565566 0.123073
2 0.31331 0.578504 0.108186
2 0.43617 0.449122 0.114708
2 0.372512 0.435742 0.191746
2 0.280937 0.491835 0.227227
2 0.212542 0.5743 0.213159
2 0.172298 0.710963 0.116739
2 0.174474 0.69708 0.128446
2 0.140093 0.73203 0.127877
2 0.183256 0.671248 0.145496
2 0.208913 0.591341 0.199747
2 0.139502 0.631824 0.228674
2 0.0786511 0.691224 0.230125
2 0.0913636 0.626672 0.281964
2 0.131112 0.581439 0.287449
2 0.164306 0.653651 0.182043
2 0.124773 0.713698 0.161529
2 0.0684055 0.848419 0.0831756
2 0.117848 0.765772 0.11638
4 0.495236 0.336485 0.16828
