Secondary Structure Prediction Output (Part of REGAd3p ASA Prediction)
TARGET: P80723-1, Length: 60

SR#  AA  SSp  pCoil          pBeta          pHelix
1    M   C    0.913085       0.0631001      0.0238145
2    G   C    0.932361       0.0547573      0.0128819
3    G   C    0.914253       0.0519683      0.0337789
4    K   C    0.636482       0.221964       0.141554
5    L   C    0.341258       0.330781       0.327961
6    S   C    0.429434       0.177737       0.392829
7    K   C    0.375409       0.250397       0.374194
8    K   C    0.464119       0.275602       0.260279
9    K   C    0.677774       0.155574       0.166652
10   K   C    0.777545       0.120833       0.101622
11   G   C    0.799671       0.126617       0.0737118
12   Y   C    0.654617       0.29651        0.0488738
13   N   C    0.646767       0.312268       0.0409655
14   V   C    0.728839       0.178606       0.092555
15   N   C    0.769125       0.101992       0.128883
16   D   C    0.594322       0.0601851      0.345493
17   E   C    0.493015       0.0424792      0.464506
18   K   C    0.504892       0.0668262      0.428282
19   A   C    0.479281       0.0455503      0.475169
20   K   C    0.562148       0.0484936      0.389358
21   E   C    0.628751       0.0271976      0.344052
22   K   C    0.551214       0.0225705      0.426216
23   D   C    0.548251       0.0212223      0.430526
24   K   C    0.535306       0.0356629      0.429031
25   K   H    0.405016       0.0463651      0.548618
26   A   H    0.34515        0.0445033      0.610346
27   E   C    0.550751       0.0355475      0.413702
28   G   C    0.567049       0.0380183      0.394933
29   A   C    0.595557       0.0377681      0.366675
30   A   C    0.578492       0.107705       0.313803
31   T   H    0.425509       0.0746457      0.499845
32   E   H    0.344492       0.0619327      0.593576
33   E   H    0.345631       0.0425783      0.611791
34   E   C    0.572564       0.0244865      0.402949
35   G   C    0.741438       0.0218434      0.236719
36   T   C    0.864678       0.0135195      0.121803
37   P   C    0.802646       0.0152028      0.182151
38   K   C    0.64872        0.0169679      0.334312
39   E   C    0.540543       0.0163417      0.443115
40   S   C    0.636222       0.0141739      0.349604
41   E   C    0.519756       0.0159967      0.464247
42   P   H    0.424156       0.0151439      0.5607
43   Q   H    0.326531       0.0122042      0.661265
44   A   H    0.348233       0.0156292      0.636137
45   A   H    0.250462       0.0147694      0.734769
46   A   H    0.267923       0.0195809      0.712496
47   E   H    0.355706       0.0216707      0.622623
48   P   H    0.334572       0.0131908      0.652237
49   A   H    0.342652       0.011502       0.645846
50   E   H    0.294903       0.0178585      0.687239
51   A   H    0.310268       0.0159991      0.673733
52   K   H    0.346346       0.0186961      0.634958
53   E   C    0.516003       0.0173542      0.466643
54   G   C    0.665007       0.0154685      0.319524
55   K   C    0.644869       0.0151181      0.340013
56   E   C    0.695205       0.0265496      0.278245
57   K   C    0.714181       0.0262674      0.259552
58   P   C    0.702023       0.0180374      0.27994
59   D   C    0.686301       0.0105833      0.303116
60   Q   C    0.662648       0.00985515     0.327496
END
