Secondary Structure Prediction Output by cSVM (Part of BalancedSSP)
TARGET: P80723-1, Length: 60

SR#  AA  cSVM  pBeta  pCoil  pHelix
1    M   C     0.307  0.355  0.338
2    G   H     0.299  0.336  0.365
3    G   H     0.293  0.316  0.391
4    K   H     0.293  0.294  0.412
5    L   H     0.305  0.288  0.407
6    S   H     0.301  0.309  0.390
7    K   H     0.308  0.315  0.377
8    K   H     0.307  0.336  0.357
9    K   C     0.316  0.369  0.315
10   K   C     0.313  0.395  0.291
11   G   C     0.311  0.410  0.278
12   Y   C     0.316  0.419  0.266
13   N   C     0.319  0.420  0.260
14   V   C     0.313  0.422  0.265
15   N   C     0.312  0.424  0.264
16   D   C     0.313  0.418  0.269
17   E   C     0.321  0.406  0.273
18   K   C     0.322  0.400  0.277
19   A   C     0.318  0.402  0.279
20   K   C     0.311  0.410  0.279
21   E   C     0.311  0.410  0.280
22   K   C     0.310  0.405  0.285
23   D   C     0.310  0.408  0.282
24   K   C     0.310  0.409  0.280
25   K   C     0.313  0.404  0.283
26   A   C     0.312  0.401  0.287
27   E   C     0.311  0.405  0.284
28   G   C     0.314  0.407  0.278
29   A   C     0.320  0.405  0.275
30   A   C     0.320  0.408  0.272
31   T   C     0.319  0.400  0.281
32   E   C     0.320  0.393  0.287
33   E   C     0.315  0.392  0.293
34   E   C     0.313  0.405  0.282
35   G   C     0.307  0.418  0.275
36   T   C     0.307  0.423  0.270
37   P   C     0.308  0.424  0.269
38   K   C     0.309  0.424  0.268
39   E   C     0.307  0.425  0.268
40   S   C     0.304  0.427  0.268
41   E   C     0.305  0.424  0.271
42   P   C     0.310  0.417  0.274
43   Q   C     0.315  0.405  0.280
44   A   C     0.323  0.399  0.278
45   A   C     0.325  0.392  0.283
46   A   C     0.320  0.401  0.280
47   E   C     0.319  0.404  0.277
48   P   C     0.322  0.400  0.279
49   A   C     0.330  0.390  0.280
50   E   C     0.322  0.400  0.278
51   A   C     0.322  0.401  0.277
52   K   C     0.321  0.409  0.270
53   E   C     0.318  0.416  0.267
54   G   C     0.304  0.419  0.277
55   K   C     0.301  0.415  0.284
56   E   C     0.301  0.418  0.281
57   K   C     0.301  0.419  0.280
58   P   C     0.299  0.413  0.288
59   D   C     0.304  0.408  0.289
60   Q   C     0.308  0.413  0.280
