labels 4 2 1
4 0.913085 0.0631001 0.0238145
4 0.932361 0.0547573 0.0128819
4 0.914253 0.0519683 0.0337789
4 0.636482 0.221964 0.141554
4 0.341258 0.330781 0.327961
4 0.429434 0.177737 0.392829
4 0.375409 0.250397 0.374194
4 0.464119 0.275602 0.260279
4 0.677774 0.155574 0.166652
4 0.777545 0.120833 0.101622
4 0.799671 0.126617 0.0737118
4 0.654617 0.29651 0.0488738
4 0.646767 0.312268 0.0409655
4 0.728839 0.178606 0.092555
4 0.769125 0.101992 0.128883
4 0.594322 0.0601851 0.345493
4 0.493015 0.0424792 0.464506
4 0.504892 0.0668262 0.428282
4 0.479281 0.0455503 0.475169
4 0.562148 0.0484936 0.389358
4 0.628751 0.0271976 0.344052
4 0.551214 0.0225705 0.426216
4 0.548251 0.0212223 0.430526
4 0.535306 0.0356629 0.429031
1 0.405016 0.0463651 0.548618
1 0.34515 0.0445033 0.610346
4 0.550751 0.0355475 0.413702
4 0.567049 0.0380183 0.394933
4 0.595557 0.0377681 0.366675
4 0.578492 0.107705 0.313803
1 0.425509 0.0746457 0.499845
1 0.344492 0.0619327 0.593576
1 0.345631 0.0425783 0.611791
4 0.572564 0.0244865 0.402949
4 0.741438 0.0218434 0.236719
4 0.864678 0.0135195 0.121803
4 0.802646 0.0152028 0.182151
4 0.64872 0.0169679 0.334312
4 0.540543 0.0163417 0.443115
4 0.636222 0.0141739 0.349604
4 0.519756 0.0159967 0.464247
1 0.424156 0.0151439 0.5607
1 0.326531 0.0122042 0.661265
1 0.348233 0.0156292 0.636137
1 0.250462 0.0147694 0.734769
1 0.267923 0.0195809 0.712496
1 0.355706 0.0216707 0.622623
1 0.334572 0.0131908 0.652237
1 0.342652 0.011502 0.645846
1 0.294903 0.0178585 0.687239
1 0.310268 0.0159991 0.673733
1 0.346346 0.0186961 0.634958
4 0.516003 0.0173542 0.466643
4 0.665007 0.0154685 0.319524
4 0.644869 0.0151181 0.340013
4 0.695205 0.0265496 0.278245
4 0.714181 0.0262674 0.259552
4 0.702023 0.0180374 0.27994
4 0.686301 0.0105833 0.303116
4 0.662648 0.00985515 0.327496
