labels 4 2 1
4 0.605932 0.182876 0.211192
2 0.396491 0.441833 0.161676
4 0.448267 0.413666 0.138067
2 0.321268 0.519619 0.159113
2 0.288815 0.579914 0.131271
2 0.22776 0.674033 0.0982066
2 0.093212 0.875923 0.0308649
2 0.0538446 0.931231 0.0149247
2 0.0326508 0.958353 0.00899603
2 0.0139968 0.979474 0.00652956
2 0.0115742 0.982054 0.00637217
2 0.0143052 0.972929 0.012766
2 0.0329877 0.93957 0.0274426
2 0.0361328 0.899825 0.0640425
2 0.0886613 0.831068 0.0802708
2 0.10897 0.759849 0.131181
2 0.0822694 0.822191 0.0955392
2 0.0689612 0.880721 0.0503181
2 0.0431932 0.931585 0.0252219
2 0.0247895 0.95783 0.0173803
2 0.0299155 0.948399 0.0216857
2 0.0611033 0.905156 0.0337405
2 0.0842817 0.868157 0.0475615
2 0.127736 0.835167 0.0370969
2 0.133403 0.812393 0.0542042
2 0.0864274 0.876947 0.0366261
2 0.109314 0.838991 0.0516944
2 0.119874 0.833967 0.046159
2 0.0958822 0.875379 0.028739
2 0.0756917 0.874876 0.0494324
2 0.0935402 0.860247 0.0462126
2 0.0470212 0.901661 0.0513175
2 0.0126826 0.963876 0.023441
2 0.00860068 0.967366 0.0240333
2 0.0189292 0.958448 0.0226228
2 0.0675886 0.901724 0.0306871
2 0.0935767 0.842911 0.0635126
2 0.10237 0.83666 0.0609705
2 0.122991 0.822114 0.0548948
2 0.0977312 0.856766 0.0455027
2 0.110473 0.864707 0.0248196
2 0.160298 0.813834 0.0258684
2 0.117318 0.87082 0.0118626
2 0.0846217 0.903172 0.0122059
2 0.035791 0.953432 0.0107767
2 0.0162569 0.974088 0.00965507
2 0.0162335 0.974069 0.00969703
2 0.0118222 0.975885 0.0122925
2 0.00472075 0.988333 0.00694654
2 0.00628054 0.988182 0.00553703
2 0.0130572 0.980458 0.00648483
2 0.0222364 0.964864 0.0128995
2 0.0258932 0.946927 0.0271795
2 0.0464741 0.924171 0.0293546
2 0.10337 0.861543 0.0350869
2 0.162369 0.807667 0.0299639
2 0.166302 0.784338 0.0493606
2 0.201029 0.740027 0.0589437
2 0.26496 0.681872 0.0531685
4 0.611458 0.316931 0.0716115
