labels 4 2 1
4 0.53401 0.295862 0.170127
2 0.254705 0.606773 0.138522
2 0.203691 0.628297 0.168012
2 0.140173 0.674772 0.185055
2 0.114483 0.656465 0.229052
2 0.124623 0.683739 0.191638
2 0.114122 0.622658 0.26322
2 0.0904838 0.564704 0.344813
2 0.0848707 0.511443 0.403686
2 0.0819908 0.459266 0.458743
1 0.161229 0.323163 0.515609
2 0.229502 0.429852 0.340646
4 0.404158 0.379341 0.216501
2 0.422337 0.44417 0.133492
2 0.356535 0.524958 0.118507
2 0.253981 0.631061 0.114958
2 0.284745 0.591612 0.123644
2 0.246423 0.681169 0.0724075
2 0.224863 0.725612 0.0495258
2 0.177366 0.791986 0.0306485
2 0.235369 0.747826 0.0168048
2 0.39015 0.594524 0.0153259
2 0.37567 0.607535 0.0167949
2 0.273897 0.709159 0.0169445
2 0.269877 0.716436 0.0136875
2 0.27873 0.710153 0.0111178
2 0.240049 0.750227 0.00972451
2 0.237845 0.751443 0.0107122
2 0.321218 0.662894 0.0158885
2 0.42117 0.541499 0.0373312
2 0.36768 0.547705 0.0846153
2 0.239524 0.660367 0.100108
2 0.235482 0.65244 0.112078
2 0.282434 0.636272 0.0812937
2 0.260777 0.667623 0.0716006
2 0.235006 0.659064 0.105931
2 0.171191 0.715698 0.113112
2 0.115971 0.768141 0.115888
2 0.101177 0.727389 0.171434
2 0.102024 0.719633 0.178343
2 0.129775 0.609333 0.260892
2 0.1868 0.545692 0.267508
2 0.235661 0.457708 0.306631
2 0.321387 0.441347 0.237266
2 0.295378 0.523437 0.181185
2 0.230512 0.674325 0.0951624
2 0.222541 0.654522 0.122938
2 0.237342 0.650038 0.112619
2 0.247635 0.689338 0.0630271
2 0.178266 0.760365 0.0613688
2 0.134156 0.777487 0.0883572
2 0.130131 0.79449 0.0753792
2 0.141499 0.780249 0.0782528
2 0.167539 0.765532 0.0669291
2 0.161525 0.763378 0.0750968
2 0.150989 0.73392 0.115091
2 0.194725 0.679762 0.125512
2 0.28065 0.569353 0.149997
2 0.394793 0.535896 0.069311
4 0.615077 0.323325 0.0615974
