labels 4 2 1
4 0.729253 0.235446 0.0353004
4 0.574782 0.366301 0.0589176
4 0.619119 0.254958 0.125923
4 0.605338 0.221112 0.17355
4 0.611268 0.146523 0.242209
4 0.611473 0.112791 0.275737
4 0.620634 0.113155 0.266211
4 0.628057 0.0921576 0.279786
4 0.764525 0.0544029 0.181072
4 0.762587 0.0585349 0.178879
4 0.69852 0.0657999 0.235681
4 0.521654 0.0713907 0.406955
4 0.495329 0.0784756 0.426196
4 0.591033 0.0661852 0.342782
4 0.554585 0.0465822 0.398833
4 0.549892 0.0441751 0.405933
4 0.596213 0.0307377 0.373049
4 0.546574 0.0336111 0.419815
4 0.647548 0.0235046 0.328948
4 0.57697 0.0231145 0.399916
1 0.394514 0.0325776 0.572908
1 0.326403 0.0355444 0.638053
1 0.35534 0.0363797 0.60828
4 0.493333 0.0380201 0.468646
4 0.694066 0.041111 0.264823
4 0.804421 0.0425397 0.153039
4 0.890536 0.0484507 0.0610134
4 0.901822 0.0468679 0.0513105
4 0.873526 0.0678497 0.0586239
4 0.797647 0.0839483 0.118405
4 0.753837 0.145231 0.100931
4 0.847684 0.105056 0.0472596
4 0.88775 0.0743066 0.0379432
4 0.886229 0.0727033 0.0410679
4 0.78433 0.167825 0.0478457
4 0.850463 0.122282 0.0272547
4 0.809725 0.143473 0.0468023
4 0.820399 0.136489 0.0431116
4 0.711006 0.231368 0.0576255
4 0.666454 0.284924 0.0486218
4 0.687453 0.274294 0.0382526
4 0.779776 0.18472 0.0355045
4 0.839905 0.11814 0.0419545
4 0.824705 0.135292 0.0400023
4 0.792908 0.168531 0.0385604
4 0.777144 0.181458 0.0413979
4 0.857266 0.120655 0.0220785
4 0.869095 0.0904976 0.0404077
4 0.897227 0.0825637 0.0202092
4 0.823368 0.155345 0.0212872
4 0.862475 0.126687 0.0108377
4 0.860655 0.124674 0.0146714
4 0.830147 0.137586 0.032267
4 0.737491 0.203208 0.0593012
4 0.689017 0.240761 0.070222
4 0.741049 0.210868 0.0480821
4 0.809694 0.128318 0.0619883
4 0.848383 0.0955589 0.056058
4 0.909287 0.0613915 0.0293212
4 0.939295 0.0244741 0.0362312
