labels 4 2 1
4 0.400342 0.365436 0.234222
2 0.277039 0.551529 0.171432
2 0.284751 0.469308 0.245941
2 0.117449 0.543961 0.338591
2 0.0650993 0.492483 0.442417
2 0.0794852 0.492153 0.428361
2 0.0830489 0.567016 0.349935
2 0.0911989 0.669777 0.239024
2 0.14025 0.628252 0.231498
2 0.160714 0.563181 0.276105
2 0.160699 0.532161 0.30714
2 0.128234 0.483432 0.388334
2 0.120602 0.548739 0.330659
2 0.167262 0.532463 0.300276
2 0.225546 0.425456 0.348998
2 0.218092 0.500634 0.281274
2 0.187641 0.512078 0.300281
2 0.153042 0.467681 0.379278
2 0.121667 0.552452 0.325881
2 0.111831 0.529435 0.358734
2 0.127946 0.470623 0.401431
1 0.174306 0.407467 0.418227
1 0.218351 0.371569 0.41008
2 0.235042 0.41691 0.348048
2 0.168441 0.507334 0.324225
2 0.156079 0.627002 0.216918
2 0.136261 0.603864 0.259875
2 0.179477 0.526723 0.2938
2 0.242437 0.442531 0.315032
2 0.277646 0.406447 0.315907
2 0.358138 0.410499 0.231363
4 0.388186 0.352168 0.259646
4 0.411363 0.383335 0.205302
2 0.293929 0.502426 0.203644
2 0.21889 0.598243 0.182867
2 0.180962 0.701724 0.117314
2 0.176897 0.724649 0.0984537
2 0.107358 0.845272 0.0473696
2 0.128369 0.807352 0.0642786
2 0.123041 0.775818 0.101141
2 0.112842 0.738611 0.148547
2 0.136499 0.692949 0.170552
2 0.127334 0.594878 0.277787
2 0.0632477 0.704123 0.23263
2 0.0418993 0.749105 0.208996
2 0.0477054 0.632322 0.319973
2 0.0611409 0.591031 0.347828
2 0.0598554 0.594303 0.345841
2 0.0543809 0.702025 0.243594
2 0.0880164 0.711961 0.200022
2 0.143105 0.505997 0.350898
1 0.273497 0.339172 0.387332
1 0.258005 0.280015 0.461979
2 0.318913 0.369973 0.311114
2 0.287133 0.41076 0.302107
2 0.228323 0.478086 0.293591
2 0.156485 0.594493 0.249022
2 0.209084 0.630173 0.160743
2 0.396867 0.449869 0.153264
4 0.649779 0.23336 0.116861
