labels 4 2 1
2 0.428942 0.498454 0.072604
2 0.140886 0.816143 0.0429712
2 0.107568 0.839434 0.0529981
2 0.0907251 0.758112 0.151163
2 0.0982483 0.498067 0.403685
1 0.0912 0.32317 0.58563
1 0.160987 0.261651 0.577362
1 0.247828 0.24658 0.505591
1 0.291314 0.214162 0.494524
1 0.283015 0.231443 0.485542
1 0.239755 0.294509 0.465736
1 0.283176 0.290016 0.426808
1 0.254727 0.354007 0.391266
2 0.188542 0.418085 0.393372
2 0.158252 0.549263 0.292484
2 0.206795 0.606326 0.186879
2 0.240629 0.669886 0.0894856
2 0.279952 0.670948 0.0491003
2 0.157174 0.825588 0.0172374
2 0.117164 0.867428 0.0154083
2 0.0696908 0.911751 0.0185587
2 0.0456345 0.940725 0.0136403
2 0.0362409 0.946987 0.0167725
2 0.0417954 0.939116 0.0190886
2 0.0318855 0.955024 0.0130907
2 0.0433725 0.935135 0.0214929
2 0.0750067 0.90302 0.0219736
2 0.12019 0.855712 0.0240975
2 0.128978 0.832102 0.0389205
2 0.0728181 0.910326 0.016856
2 0.0731307 0.91055 0.0163196
2 0.0664704 0.923123 0.0104068
2 0.0475866 0.94467 0.00774378
2 0.0667986 0.924886 0.00831539
2 0.0889823 0.890316 0.0207013
2 0.0608506 0.92752 0.0116292
2 0.132089 0.840576 0.0273345
2 0.118996 0.828797 0.0522069
2 0.132687 0.817673 0.0496404
2 0.15217 0.794089 0.0537412
2 0.141199 0.837509 0.0212918
2 0.0603716 0.913841 0.0257873
2 0.0424553 0.940482 0.0170627
2 0.0177889 0.96813 0.0140809
2 0.00890529 0.982654 0.00844032
2 0.0072531 0.983893 0.00885373
2 0.0202461 0.964995 0.014759
2 0.0479855 0.933584 0.0184303
2 0.0484055 0.933158 0.0184363
2 0.0810366 0.905943 0.0130203
2 0.115543 0.873409 0.011048
2 0.0374795 0.951472 0.0110485
2 0.0317742 0.957095 0.0111306
2 0.0263821 0.948205 0.0254128
2 0.0286502 0.934162 0.0371877
2 0.0557987 0.8823 0.0619017
2 0.170544 0.744836 0.08462
2 0.436782 0.510784 0.0524335
4 0.649186 0.273793 0.0770211
4 0.763289 0.153682 0.0830286
