labels 4 2 1
4 0.619471 0.144679 0.23585
4 0.422285 0.346685 0.231031
4 0.441875 0.334174 0.223951
2 0.343275 0.418238 0.238487
2 0.306788 0.468939 0.224273
2 0.205063 0.566927 0.228011
2 0.147429 0.626521 0.22605
2 0.137699 0.694096 0.168205
2 0.156814 0.714643 0.128543
2 0.156796 0.772274 0.0709298
2 0.170617 0.78236 0.0470232
2 0.0434424 0.921982 0.0345754
2 0.0191487 0.961528 0.0193235
2 0.00774127 0.973761 0.018498
2 0.00757792 0.979873 0.0125494
2 0.0158958 0.966009 0.0180951
2 0.037629 0.917407 0.0449637
2 0.0984917 0.862462 0.0390466
2 0.235163 0.706315 0.0585224
2 0.135933 0.796215 0.0678519
2 0.0849568 0.850627 0.0644161
2 0.104682 0.826974 0.068344
2 0.156812 0.772461 0.0707262
2 0.100855 0.778167 0.120978
2 0.0872065 0.812993 0.0998004
2 0.093386 0.688852 0.217762
2 0.0944194 0.700247 0.205334
2 0.108021 0.673151 0.218828
2 0.164332 0.648659 0.187008
2 0.243791 0.635576 0.120633
2 0.24934 0.676245 0.0744156
2 0.206235 0.738567 0.0551986
2 0.130141 0.8408 0.0290588
2 0.0533533 0.927407 0.0192393
2 0.0308201 0.956463 0.0127167
2 0.0394439 0.950786 0.00976982
2 0.0417841 0.94148 0.0167361
2 0.0159775 0.975929 0.00809351
2 0.0141547 0.978537 0.00730798
2 0.0415454 0.944428 0.0140262
2 0.059706 0.913973 0.0263208
2 0.10862 0.84443 0.0469498
2 0.147395 0.756922 0.0956833
2 0.108256 0.833829 0.0579149
2 0.0823977 0.854105 0.0634976
2 0.0879916 0.848063 0.0639457
2 0.130846 0.77844 0.090714
2 0.126673 0.763721 0.109607
2 0.131699 0.769945 0.098356
2 0.132682 0.787169 0.0801491
2 0.0732723 0.850492 0.0762359
2 0.0457092 0.791446 0.162845
2 0.0431622 0.757416 0.199422
2 0.0333249 0.719492 0.247183
2 0.0308232 0.793318 0.175858
2 0.0246908 0.832919 0.14239
2 0.0650591 0.81187 0.12307
2 0.149812 0.697205 0.152983
2 0.243125 0.584032 0.172843
4 0.563856 0.29046 0.145684
