labels 4 2 1
4 0.738536 0.198201 0.0632626
4 0.632059 0.346854 0.0210874
4 0.744766 0.216166 0.0390687
4 0.50909 0.445111 0.0457991
2 0.390152 0.57068 0.039168
2 0.400535 0.550335 0.0491302
2 0.375649 0.569145 0.0552056
2 0.299204 0.657508 0.0432877
2 0.311958 0.647645 0.0403967
2 0.247412 0.732075 0.0205127
2 0.342896 0.631152 0.0259524
2 0.236817 0.745007 0.0181763
2 0.264795 0.716242 0.0189623
2 0.346297 0.620962 0.0327415
2 0.257144 0.714163 0.0286929
2 0.249684 0.731241 0.0190752
2 0.294334 0.688098 0.0175682
2 0.230209 0.752372 0.0174194
2 0.216913 0.763066 0.0200209
2 0.293248 0.677987 0.0287652
2 0.226421 0.752332 0.0212469
2 0.173448 0.807494 0.0190587
2 0.11039 0.877571 0.0120383
2 0.146256 0.847525 0.00621872
2 0.27684 0.715129 0.00803115
2 0.231987 0.760889 0.00712392
2 0.143298 0.852263 0.00443938
2 0.177676 0.819686 0.00263828
2 0.0967234 0.901095 0.00218206
2 0.0547543 0.940426 0.00481991
2 0.0167439 0.980657 0.00259915
2 0.0300522 0.967957 0.00199037
2 0.0881187 0.909375 0.00250672
2 0.122938 0.874651 0.00241171
2 0.195896 0.80083 0.00327379
2 0.377505 0.61929 0.00320474
2 0.409161 0.587617 0.00322247
2 0.258999 0.734796 0.00620484
2 0.14557 0.849385 0.00504553
2 0.172814 0.819864 0.0073211
2 0.190183 0.797974 0.0118436
2 0.172214 0.818303 0.00948346
2 0.178643 0.806035 0.0153225
2 0.203246 0.773669 0.0230851
2 0.257009 0.722637 0.0203543
2 0.211778 0.774235 0.0139873
2 0.104986 0.888524 0.00649034
2 0.0959129 0.90012 0.0039675
2 0.278996 0.713662 0.00734241
2 0.286502 0.70658 0.00691822
2 0.231397 0.751805 0.0167976
2 0.148307 0.838075 0.013618
2 0.134565 0.852321 0.0131148
2 0.065259 0.926392 0.00834912
2 0.0335753 0.960712 0.00571306
2 0.0846607 0.90331 0.0120288
2 0.182982 0.791473 0.0255451
2 0.0608139 0.928723 0.010463
2 0.122101 0.868485 0.00941386
2 0.22923 0.757224 0.0135459
