labels 4 2 1
4 0.554788 0.365605 0.079607
2 0.317861 0.617709 0.06443
2 0.259393 0.677985 0.0626219
2 0.211862 0.735041 0.0530967
2 0.168643 0.790766 0.040591
2 0.146621 0.819338 0.0340409
2 0.177533 0.788263 0.0342044
2 0.201813 0.745051 0.0531364
2 0.261621 0.659355 0.0790243
2 0.206654 0.705201 0.0881443
2 0.209584 0.732317 0.0580995
2 0.181226 0.770533 0.0482409
2 0.0920591 0.879643 0.0282977
2 0.0391716 0.944725 0.0161037
2 0.02816 0.952206 0.0196337
2 0.0489893 0.929888 0.0211224
2 0.057977 0.924921 0.0171024
2 0.0289745 0.96104 0.0099858
2 0.0265481 0.967859 0.00559296
2 0.0691347 0.925067 0.00579841
2 0.129708 0.859291 0.0110011
2 0.0763138 0.912475 0.0112109
2 0.0718759 0.918534 0.00959004
2 0.103957 0.883792 0.0122513
2 0.102401 0.887909 0.00968932
2 0.0797383 0.907266 0.0129954
2 0.0647942 0.918435 0.0167708
2 0.0317277 0.950865 0.0174073
2 0.0238549 0.962144 0.014001
2 0.0418214 0.93896 0.0192191
2 0.0861085 0.874788 0.0391035
2 0.0953275 0.861319 0.0433533
2 0.125903 0.820586 0.053511
2 0.210501 0.718745 0.0707532
2 0.23171 0.680895 0.0873947
2 0.186945 0.729985 0.0830702
2 0.233934 0.701421 0.0646454
2 0.280838 0.67178 0.0473821
2 0.205014 0.751669 0.043317
2 0.136356 0.834447 0.0291973
2 0.0842395 0.892691 0.0230694
2 0.152053 0.814435 0.0335122
2 0.221157 0.717739 0.061104
2 0.261553 0.697427 0.0410193
2 0.161248 0.811182 0.0275698
2 0.146848 0.812433 0.0407186
2 0.0959534 0.860744 0.0433026
2 0.110409 0.83704 0.052551
2 0.0503967 0.891165 0.0584383
2 0.0500781 0.914034 0.0358882
2 0.0306268 0.933448 0.0359249
2 0.0356116 0.930658 0.0337305
2 0.0689668 0.88998 0.0410534
2 0.127348 0.784741 0.0879102
2 0.190953 0.74785 0.0611975
2 0.208803 0.738628 0.0525694
2 0.14219 0.816407 0.0414025
2 0.189048 0.774261 0.0366907
2 0.325877 0.617931 0.0561923
4 0.557917 0.381688 0.0603952
