labels 4 2 1
4 0.656121 0.279579 0.0643002
2 0.421131 0.540146 0.0387231
2 0.297537 0.668469 0.0339938
2 0.220178 0.748124 0.0316986
2 0.193353 0.764803 0.0418446
2 0.210574 0.756038 0.0333881
2 0.215757 0.763903 0.0203403
2 0.247125 0.742396 0.0104788
2 0.256405 0.73308 0.0105158
2 0.155717 0.825681 0.0186026
2 0.163512 0.819001 0.0174867
2 0.2235 0.753165 0.0233353
2 0.323705 0.627641 0.0486541
2 0.320283 0.63765 0.0420672
2 0.349378 0.605417 0.045205
2 0.215636 0.743009 0.0413552
2 0.200751 0.740804 0.0584443
2 0.169111 0.735995 0.0948941
2 0.23432 0.666099 0.0995816
2 0.217346 0.697598 0.0850563
2 0.196525 0.702919 0.100556
2 0.241783 0.674436 0.0837806
2 0.273227 0.610352 0.116421
2 0.225394 0.683229 0.0913774
2 0.137006 0.749338 0.113656
2 0.15134 0.698001 0.150659
2 0.150767 0.666681 0.182552
2 0.137066 0.752328 0.110606
2 0.123721 0.813793 0.0624859
2 0.112124 0.839884 0.0479914
2 0.0831601 0.86526 0.0515798
2 0.0866952 0.867911 0.0453939
2 0.148372 0.794332 0.0572955
2 0.296187 0.635629 0.0681834
2 0.328347 0.608853 0.0628
2 0.299895 0.653092 0.0470133
2 0.221723 0.730368 0.0479091
2 0.0771192 0.896835 0.0260459
2 0.0672274 0.908585 0.0241876
2 0.0824974 0.88881 0.0286923
2 0.0958418 0.864189 0.0399688
2 0.0901442 0.869145 0.0407106
2 0.09136 0.869825 0.0388149
2 0.142282 0.830038 0.0276805
2 0.157583 0.790142 0.0522746
2 0.131616 0.836874 0.0315099
2 0.167137 0.806277 0.0265855
2 0.138239 0.835619 0.0261417
2 0.13338 0.844269 0.0223516
2 0.132983 0.836858 0.0301584
2 0.0994445 0.860596 0.0399594
2 0.0620741 0.855042 0.0828842
2 0.0445561 0.820422 0.135022
2 0.0503926 0.747674 0.201933
2 0.0761957 0.701982 0.221823
2 0.0955199 0.611635 0.292845
2 0.112134 0.69108 0.196786
2 0.160564 0.686066 0.15337
2 0.245813 0.672023 0.0821641
2 0.3705 0.480282 0.149218
