labels 4 2 1
4 0.610845 0.302439 0.0867161
2 0.405304 0.526346 0.0683502
2 0.421509 0.508062 0.0704287
2 0.415604 0.539862 0.0445338
2 0.420284 0.542569 0.037147
2 0.458854 0.503936 0.03721
4 0.535855 0.434555 0.0295896
2 0.444353 0.489185 0.0664616
2 0.175919 0.784345 0.039736
2 0.0816749 0.905282 0.0130433
2 0.0212974 0.974667 0.00403601
2 0.0224907 0.973619 0.0038899
2 0.0388817 0.955464 0.00565467
2 0.0701078 0.918079 0.011813
2 0.141246 0.836744 0.0220099
2 0.161525 0.805637 0.0328376
2 0.120293 0.851305 0.0284023
2 0.0771956 0.882353 0.0404514
2 0.0347138 0.917551 0.0477357
2 0.03371 0.852333 0.113957
2 0.0318504 0.864554 0.103596
2 0.0138812 0.877727 0.108392
2 0.0101948 0.948931 0.0408743
2 0.0143555 0.965742 0.0199024
2 0.0417919 0.94018 0.0180277
2 0.0565903 0.92609 0.01732
2 0.0574334 0.930287 0.0122795
2 0.0581913 0.930335 0.0114735
2 0.0437237 0.949189 0.00708739
2 0.0319048 0.961676 0.0064196
2 0.0130922 0.980191 0.00671638
2 0.00475972 0.991562 0.00367828
2 0.00125756 0.995304 0.00343886
2 1.61797e-05 0.995724 0.00425999
2 0.00135122 0.988364 0.010285
2 0.00675961 0.950257 0.0429838
2 0.0248464 0.873548 0.101606
2 0.041541 0.870575 0.0878839
2 0.0415303 0.900584 0.0578856
2 0.0366657 0.924336 0.0389987
2 0.0285079 0.953412 0.0180797
2 0.0125057 0.977002 0.0104923
2 0.0207556 0.953886 0.0253579
2 0.011031 0.96812 0.0208495
2 0.00824544 0.966251 0.0255034
2 0.0139117 0.944149 0.0419389
2 0.0294651 0.907456 0.0630787
2 0.0637649 0.822157 0.114079
2 0.0723183 0.787963 0.139718
2 0.102314 0.793738 0.103948
2 0.171602 0.639636 0.188762
2 0.120265 0.690933 0.188801
2 0.0575471 0.822567 0.119886
2 0.018798 0.93618 0.0450222
2 0.00313033 0.987342 0.00952815
2 0.00157146 0.990577 0.00785155
2 0.00550366 0.970212 0.0242843
2 0.00994001 0.928562 0.061498
2 0.0165586 0.901373 0.0820688
2 0.201421 0.675682 0.122897
