labels 4 2 1
4 0.522457 0.180587 0.296956
4 0.419138 0.34566 0.235202
2 0.349944 0.400636 0.24942
2 0.386924 0.424805 0.188271
2 0.386041 0.424807 0.189152
4 0.494283 0.344573 0.161143
2 0.412001 0.442148 0.14585
2 0.416012 0.445897 0.138091
2 0.44523 0.463895 0.0908742
4 0.493867 0.42432 0.0818138
2 0.343559 0.535493 0.120948
2 0.185885 0.726792 0.0873232
2 0.071236 0.87612 0.052644
2 0.024883 0.95424 0.0208766
2 0.0243579 0.962842 0.0128005
2 0.021411 0.965003 0.0135865
2 0.0167235 0.971395 0.0118819
2 0.0182501 0.966513 0.0152367
2 0.0151582 0.970476 0.0143657
2 0.0503772 0.929308 0.0203151
2 0.143448 0.825608 0.0309443
2 0.223292 0.757188 0.0195194
2 0.222394 0.755877 0.0217292
2 0.266468 0.716665 0.0168664
2 0.249138 0.728406 0.0224559
2 0.17935 0.80105 0.0195993
2 0.10271 0.878611 0.0186785
2 0.100369 0.881425 0.0182055
2 0.0850307 0.890766 0.0242028
2 0.0823589 0.893647 0.0239936
2 0.0444627 0.933021 0.0225162
2 0.0668849 0.895451 0.0376638
2 0.119858 0.818454 0.061688
2 0.244585 0.679891 0.0755248
2 0.246242 0.675691 0.0780676
2 0.213195 0.726422 0.0603827
2 0.105867 0.811117 0.083016
2 0.0746877 0.854761 0.0705513
2 0.141127 0.787747 0.0711253
2 0.176348 0.761653 0.0619987
2 0.0986332 0.851719 0.0496474
2 0.0511632 0.899091 0.0497457
2 0.0570515 0.833591 0.109357
2 0.097392 0.760742 0.141866
2 0.14859 0.697645 0.153766
2 0.202646 0.698682 0.0986719
2 0.165642 0.742107 0.0922504
2 0.0629007 0.877517 0.0595823
2 0.0172541 0.952926 0.0298197
2 0.00929213 0.967752 0.0229556
2 0.00978605 0.972408 0.0178055
2 0.0291312 0.946279 0.0245899
2 0.106025 0.863516 0.0304587
2 0.217529 0.742912 0.0395589
2 0.317297 0.633125 0.0495778
2 0.279651 0.65317 0.0671792
2 0.151333 0.715385 0.133281
2 0.108311 0.805853 0.0858362
2 0.125687 0.799124 0.0751889
2 0.250581 0.630082 0.119337
