labels 4 2 1
4 0.585467 0.364127 0.0504054
2 0.253673 0.720645 0.0256817
2 0.210108 0.746773 0.0431192
2 0.205049 0.72474 0.0702109
2 0.280909 0.605054 0.114037
2 0.342133 0.539505 0.118362
2 0.280138 0.632552 0.0873094
2 0.301096 0.648375 0.0505292
2 0.314937 0.633943 0.0511206
2 0.16777 0.784684 0.0475457
2 0.111719 0.839772 0.0485092
2 0.164333 0.783682 0.0519851
2 0.189452 0.740172 0.0703765
2 0.142858 0.793226 0.0639162
2 0.152042 0.777781 0.0701767
2 0.182708 0.749844 0.0674477
2 0.211912 0.712108 0.0759802
2 0.133026 0.793628 0.0733459
2 0.0925302 0.872218 0.0352521
2 0.0446235 0.92351 0.0318662
2 0.0136054 0.971064 0.015331
2 0.020279 0.954925 0.0247963
2 0.0236465 0.832922 0.143432
2 0.033644 0.701931 0.264425
1 0.0712641 0.29269 0.636046
1 0.103004 0.183157 0.713839
1 0.18119 0.249129 0.569681
4 0.431606 0.241142 0.327252
4 0.394515 0.289696 0.315789
2 0.272617 0.417962 0.309421
2 0.134771 0.634837 0.230392
2 0.0425435 0.835227 0.122229
2 0.0156311 0.950278 0.0340911
2 0.00491336 0.968063 0.0270234
2 0.00382209 0.972844 0.023334
2 0.00782988 0.939208 0.0529621
2 0.0135292 0.946186 0.0402847
2 0.0212011 0.929807 0.0489922
2 0.042176 0.865124 0.0926998
2 0.0850132 0.846814 0.0681729
2 0.162681 0.764556 0.0727624
2 0.15753 0.729233 0.113236
2 0.179396 0.71424 0.106364
2 0.217073 0.592291 0.190636
2 0.189093 0.574072 0.236836
2 0.0999818 0.675111 0.224907
2 0.116357 0.709084 0.174559
2 0.12994 0.777591 0.0924686
2 0.130013 0.80712 0.0628675
2 0.0859548 0.859766 0.0542797
2 0.101952 0.836245 0.0618031
2 0.0897607 0.821167 0.0890725
2 0.112185 0.801903 0.085912
2 0.144587 0.766016 0.0893969
2 0.182447 0.762404 0.0551497
2 0.215676 0.736028 0.0482965
2 0.243471 0.726267 0.0302613
2 0.245726 0.716369 0.037905
2 0.246721 0.711684 0.0415953
2 0.357442 0.592856 0.0497024
