labels 4 2 1
4 0.638649 0.262546 0.0988051
2 0.332618 0.543827 0.123555
2 0.264287 0.50518 0.230532
2 0.148845 0.46553 0.385624
1 0.0983302 0.324187 0.577483
1 0.0708358 0.359577 0.569587
1 0.0700147 0.287119 0.642866
1 0.0620909 0.289639 0.64827
1 0.107827 0.175367 0.716806
1 0.165619 0.142575 0.691805
1 0.232094 0.11095 0.656956
1 0.205729 0.0851451 0.709125
1 0.17532 0.106919 0.71776
1 0.171967 0.171864 0.656169
1 0.202262 0.271969 0.525769
2 0.179477 0.485113 0.33541
2 0.158891 0.504758 0.33635
2 0.114859 0.539194 0.345947
2 0.114107 0.523931 0.361961
2 0.0844888 0.506457 0.409054
2 0.111615 0.585515 0.30287
2 0.128229 0.563845 0.307926
2 0.154177 0.687525 0.158298
2 0.147122 0.745791 0.107086
2 0.0769048 0.875626 0.0474688
2 0.038368 0.911868 0.049764
2 0.0229421 0.927728 0.0493301
2 0.0145591 0.910944 0.0744966
2 0.0243646 0.881617 0.0940179
2 0.0388674 0.812407 0.148725
2 0.0524704 0.782496 0.165034
2 0.10481 0.719674 0.175516
2 0.0933188 0.769838 0.136843
2 0.0500284 0.888399 0.0615728
2 0.0358485 0.921619 0.0425326
2 0.0386139 0.915265 0.0461214
2 0.052586 0.913621 0.0337931
2 0.0511523 0.917419 0.0314286
2 0.0469637 0.893513 0.0595228
2 0.0680849 0.856287 0.0756284
2 0.0563555 0.860348 0.0832967
2 0.0398044 0.766283 0.193912
2 0.0875095 0.610338 0.302153
1 0.174181 0.306969 0.51885
2 0.227442 0.399724 0.372834
2 0.277828 0.481248 0.240924
2 0.1538 0.491805 0.354395
2 0.109263 0.618718 0.272019
2 0.0830146 0.649318 0.267667
2 0.0363844 0.696828 0.266788
2 0.0119531 0.802049 0.185998
2 0.0131134 0.788994 0.197892
2 0.0309641 0.747512 0.221524
2 0.0745053 0.684652 0.240843
2 0.0939667 0.647694 0.258339
2 0.109653 0.635125 0.255222
2 0.192299 0.591688 0.216013
2 0.129935 0.591622 0.278444
2 0.166229 0.619373 0.214399
4 0.429622 0.361951 0.208427
