labels 4 2 1
4 0.606224 0.185747 0.20803
4 0.345541 0.314437 0.340022
1 0.253166 0.21261 0.534224
1 0.206013 0.17503 0.618957
1 0.0958105 0.16327 0.74092
1 0.0860623 0.251939 0.661999
1 0.117455 0.247004 0.635541
1 0.142748 0.241428 0.615824
1 0.125295 0.164104 0.710601
1 0.175185 0.153809 0.671006
1 0.355655 0.10001 0.544335
4 0.499681 0.0436951 0.456624
4 0.549262 0.0400586 0.410679
4 0.573764 0.0898787 0.336357
4 0.572355 0.0853864 0.342259
4 0.661388 0.100082 0.23853
