labels 4 2 1
4 0.648494 0.11476 0.236746
4 0.582369 0.221094 0.196537
4 0.53412 0.270709 0.195171
4 0.572552 0.230759 0.196689
4 0.655598 0.236205 0.108197
4 0.432445 0.359947 0.207608
2 0.287563 0.41759 0.294847
4 0.386081 0.28063 0.33329
1 0.32538 0.221469 0.45315
4 0.444771 0.160772 0.394457
4 0.497481 0.123149 0.37937
4 0.497663 0.0422879 0.460049
4 0.67689 0.0324006 0.290709
4 0.765307 0.0375044 0.197189
4 0.581478 0.0729247 0.345597
4 0.49471 0.104332 0.400957
4 0.447813 0.126162 0.426025
4 0.532698 0.104097 0.363205
4 0.57918 0.11369 0.30713
4 0.750728 0.0955792 0.153693
4 0.759284 0.0929417 0.147774
4 0.802883 0.0560023 0.141115
4 0.80722 0.0544638 0.138316
4 0.844821 0.0320677 0.123111
4 0.818804 0.0256896 0.155506
4 0.719431 0.0280348 0.252535
4 0.623966 0.0421689 0.333865
4 0.652932 0.0437395 0.303329
4 0.608023 0.0288622 0.363115
1 0.357502 0.0173112 0.625186
1 0.328138 0.016456 0.655406
1 0.423205 0.0163516 0.560444
1 0.325947 0.0102463 0.663807
1 0.250625 0.0090037 0.740371
1 0.22024 0.0152591 0.764501
1 0.251743 0.0138549 0.734402
1 0.329012 0.00870145 0.662286
1 0.458153 0.0079427 0.533904
4 0.547512 0.0159741 0.436514
1 0.396907 0.0178347 0.585259
1 0.33762 0.0242343 0.638146
1 0.262115 0.0325242 0.70536
1 0.108393 0.020406 0.871201
1 0.180091 0.0670916 0.752817
1 0.208519 0.190381 0.6011
1 0.330697 0.164518 0.504785
4 0.537176 0.132184 0.33064
4 0.530165 0.118462 0.351374
1 0.380682 0.0701063 0.549211
1 0.194529 0.05353 0.751941
1 0.187026 0.0386469 0.774327
1 0.117418 0.039328 0.843254
1 0.146866 0.0814168 0.771717
1 0.182859 0.169507 0.647634
1 0.227492 0.193841 0.578667
1 0.417308 0.148337 0.434355
4 0.466387 0.0966132 0.437
4 0.67699 0.06804 0.25497
4 0.758988 0.0694149 0.171597
4 0.733391 0.0561696 0.210439
