labels 4 2 1
2 0.28923 0.710534 0.000236208
2 0.365082 0.634721 0.000197214
2 0.285164 0.714652 0.000183857
2 0.163322 0.836532 0.00014617
2 0.110467 0.889401 0.000131818
2 0.111899 0.887978 0.000122797
2 0.142418 0.857403 0.000178773
2 0.149208 0.850569 0.000222948
2 0.151995 0.847735 0.000270221
2 0.176625 0.823114 0.000260947
2 0.175101 0.824656 0.000243045
2 0.14277 0.856989 0.000240567
2 0.194594 0.805107 0.000299389
2 0.215868 0.783753 0.000378883
2 0.208046 0.791502 0.0004518
2 0.227553 0.771943 0.000504432
2 0.210672 0.788846 0.000481704
2 0.162008 0.837589 0.000402958
2 0.171602 0.827991 0.000407499
2 0.174946 0.824689 0.0003656
2 0.215878 0.783703 0.000419255
2 0.212377 0.787108 0.000514965
2 0.1681 0.831502 0.000398481
2 0.148834 0.850751 0.000414893
2 0.155231 0.844462 0.000306885
2 0.125599 0.874121 0.000280518
2 0.234953 0.76463 0.000416775
2 0.216974 0.782631 0.000395263
2 0.201194 0.798357 0.000448933
2 0.142419 0.857165 0.000415821
2 0.112724 0.886965 0.000310764
2 0.140539 0.859102 0.000358867
2 0.173856 0.82575 0.000394119
2 0.147537 0.852093 0.000369661
2 0.15238 0.84718 0.000439968
2 0.120095 0.879535 0.000370756
2 0.0938095 0.90582 0.000370484
2 0.119248 0.88033 0.000422196
2 0.155449 0.844106 0.000445132
2 0.18655 0.812961 0.000489286
2 0.232261 0.767255 0.000483828
2 0.276374 0.72304 0.000585605
2 0.270965 0.728219 0.000816035
2 0.273624 0.725394 0.000982099
2 0.13218 0.867305 0.000515429
2 0.118579 0.880841 0.000579713
2 0.115141 0.884292 0.000567456
2 0.170824 0.828426 0.00075029
2 0.238002 0.761036 0.000962059
2 0.201346 0.798079 0.000575286
2 0.127389 0.87221 0.000400483
2 0.0935837 0.906037 0.000379485
2 0.120301 0.879155 0.000544486
2 0.182219 0.817035 0.000745892
2 0.215155 0.783494 0.00135012
2 0.116295 0.882884 0.000820492
2 0.100454 0.898868 0.000677495
2 0.102535 0.897073 0.000391889
2 0.262047 0.737298 0.000654905
2 0.451075 0.547728 0.00119746
