labels 4 2 1
4 0.761343 0.0863805 0.152277
4 0.66369 0.200894 0.135416
4 0.695397 0.173766 0.130837
4 0.587413 0.279033 0.133554
2 0.34419 0.501916 0.153895
2 0.247899 0.562824 0.189276
2 0.303241 0.567831 0.128927
2 0.346071 0.545893 0.108036
2 0.253336 0.615294 0.131371
2 0.247357 0.616203 0.13644
2 0.263187 0.595145 0.141667
2 0.300988 0.600126 0.0988854
2 0.134823 0.823282 0.0418956
2 0.096891 0.846001 0.0571081
2 0.0381754 0.901332 0.0604931
2 0.0436182 0.894264 0.0621176
2 0.0280315 0.82896 0.143009
2 0.0233232 0.843105 0.133572
2 0.0181648 0.772205 0.209631
2 0.0208564 0.752571 0.226572
2 0.0518568 0.707081 0.241062
2 0.165526 0.503162 0.331312
2 0.210463 0.525963 0.263574
2 0.130569 0.64466 0.224771
2 0.0517537 0.722037 0.22621
2 0.0686926 0.76304 0.168267
2 0.115346 0.645901 0.238753
2 0.174295 0.577196 0.248508
2 0.209071 0.533949 0.25698
2 0.217595 0.570425 0.21198
2 0.160561 0.70102 0.138419
2 0.12071 0.809892 0.0693972
2 0.101062 0.857241 0.0416971
2 0.119382 0.860468 0.0201497
2 0.176471 0.789582 0.0339469
2 0.167564 0.782351 0.0500842
2 0.264897 0.686485 0.0486181
2 0.269764 0.659293 0.0709427
2 0.16043 0.777469 0.0621016
2 0.0764506 0.895584 0.0279654
2 0.048754 0.931227 0.020019
2 0.0181059 0.956623 0.0252712
2 0.00989922 0.970788 0.019313
2 0.0126141 0.955311 0.032075
2 0.0480805 0.917349 0.0345704
2 0.102246 0.861988 0.0357663
2 0.0718848 0.881096 0.0470195
2 0.0521212 0.910893 0.0369858
2 0.0249168 0.943143 0.0319402
2 0.0114403 0.972339 0.0162208
2 0.00881239 0.975954 0.0152334
2 0.0175207 0.957122 0.0253578
2 0.0162928 0.956595 0.0271124
2 0.0183598 0.949082 0.032558
2 0.0137347 0.969414 0.0168512
2 0.00951319 0.975969 0.0145181
2 0.00450319 0.986051 0.00944583
2 0.0116881 0.978417 0.00989466
2 0.0513151 0.923333 0.0253523
2 0.112916 0.832981 0.0541031
