labels 4 2 1
4 0.643124 0.30142 0.0554561
2 0.322009 0.623113 0.0548777
2 0.207157 0.719718 0.0731258
2 0.114554 0.843662 0.0417848
2 0.15588 0.821213 0.0229074
2 0.225016 0.752789 0.0221945
2 0.215859 0.763307 0.0208336
2 0.206399 0.766363 0.0272381
2 0.225922 0.73288 0.0411974
2 0.121627 0.841262 0.0371107
2 0.0608116 0.911592 0.0275967
2 0.0533425 0.904301 0.0423565
2 0.0667137 0.844819 0.0884669
2 0.0938541 0.689939 0.216206
2 0.105727 0.603547 0.290726
2 0.152178 0.542807 0.305016
1 0.139948 0.420669 0.439382
1 0.188246 0.364002 0.447752
1 0.26758 0.344837 0.387583
2 0.217541 0.441627 0.340832
2 0.259093 0.406563 0.334344
2 0.256395 0.402669 0.340936
2 0.309745 0.39487 0.295386
2 0.290081 0.466087 0.243832
2 0.159071 0.671838 0.169091
2 0.0489555 0.800711 0.150334
2 0.0174663 0.847153 0.135381
2 0.00502043 0.909001 0.0859786
2 0.000423417 0.976685 0.0228914
2 8.08869e-05 0.990195 0.00972447
2 0.000990082 0.987355 0.0116551
2 0.00020304 0.98417 0.0156274
2 0.00362714 0.975376 0.0209971
2 0.020629 0.957767 0.0216043
2 0.0797333 0.904762 0.0155043
2 0.105457 0.885775 0.0087678
2 0.0853813 0.905078 0.00954024
2 0.0971314 0.890317 0.012552
2 0.0408832 0.951251 0.00786603
2 0.00509061 0.993209 0.00170019
2 0.0101477 0.988224 0.00162806
2 0.0314205 0.965573 0.00300613
2 0.0320506 0.962709 0.00524057
2 0.0119157 0.982858 0.00522603
2 0.00815171 0.982355 0.00949282
2 0.0148788 0.960649 0.0244725
2 0.0134632 0.961704 0.0248327
2 0.0347748 0.934841 0.0303839
2 0.116899 0.8429 0.0402006
2 0.207549 0.761834 0.0306166
2 0.351753 0.62647 0.0217775
2 0.255067 0.72398 0.0209529
2 0.14093 0.825099 0.0339712
2 0.0529461 0.844623 0.102431
2 0.0135117 0.851332 0.135157
2 0.00263294 0.903057 0.0943099
2 0.000416736 0.9569 0.0426835
2 0.00107975 0.961377 0.0375437
2 0.00157966 0.929553 0.0688673
2 0.0143564 0.817554 0.16809
