labels 4 2 1
4 0.397485 0.320943 0.281573
2 0.186737 0.605131 0.208132
2 0.196541 0.530975 0.272483
2 0.133656 0.586933 0.279411
2 0.26269 0.461886 0.275424
2 0.289959 0.494476 0.215565
2 0.281658 0.503376 0.214966
2 0.172771 0.582109 0.24512
2 0.103224 0.749961 0.146815
2 0.0825829 0.662279 0.255138
2 0.113101 0.671918 0.214981
2 0.0765374 0.720293 0.203169
2 0.0522242 0.841866 0.10591
2 0.104596 0.817188 0.0782166
2 0.144236 0.766377 0.0893868
2 0.0744908 0.867365 0.058144
2 0.0703051 0.832488 0.0972073
2 0.0785242 0.784333 0.137143
2 0.0690193 0.735935 0.195046
2 0.0870455 0.569368 0.343587
2 0.13718 0.526568 0.336252
2 0.117589 0.450847 0.431565
2 0.0661816 0.570305 0.363513
2 0.0630947 0.562447 0.374458
2 0.0813233 0.591635 0.327042
2 0.063 0.587084 0.349916
2 0.0515311 0.653838 0.294631
2 0.060927 0.616316 0.322757
2 0.121444 0.570866 0.307689
2 0.223451 0.491723 0.284826
2 0.241595 0.636229 0.122176
2 0.204463 0.712375 0.0831621
2 0.103264 0.832466 0.0642702
2 0.0803766 0.872112 0.0475115
2 0.0290506 0.929984 0.0409655
2 0.0215436 0.949224 0.0292326
2 0.0154522 0.96919 0.0153583
2 0.0167275 0.970605 0.0126676
2 0.0204639 0.953783 0.0257527
2 0.0341401 0.842416 0.123444
2 0.0430707 0.77956 0.177369
2 0.0300795 0.871464 0.0984561
2 0.0211535 0.862528 0.116318
2 0.0512798 0.816328 0.132392
2 0.0806978 0.724301 0.195001
2 0.0382502 0.7727 0.18905
2 0.063137 0.740565 0.196298
2 0.141052 0.51246 0.346488
2 0.202896 0.632917 0.164188
2 0.256551 0.62461 0.118839
2 0.217696 0.685547 0.0967568
2 0.15393 0.741326 0.104744
2 0.0982661 0.808388 0.0933461
2 0.0405805 0.898406 0.0610135
2 0.0148003 0.918841 0.0663591
2 0.00724465 0.957861 0.0348946
2 0.0270799 0.94547 0.0274505
2 0.158906 0.780747 0.0603479
2 0.359731 0.537115 0.103154
4 0.680052 0.186808 0.13314
