Secondary Structure Prediction Output by cSVM (Part of BalancedSSP)
TARGET: P49913, Length: 60

SR#  AA  cSVM  pBeta  pCoil  pHelix
1    M   H     0.319  0.319  0.362
2    K   H     0.332  0.291  0.376
3    T   H     0.325  0.278  0.396
4    Q   H     0.318  0.284  0.398
5    R   H     0.321  0.294  0.385
6    D   H     0.312  0.304  0.383
7    G   H     0.303  0.303  0.394
8    H   H     0.308  0.300  0.392
9    S   H     0.322  0.316  0.362
10   L   C     0.328  0.338  0.333
11   G   C     0.324  0.375  0.301
12   R   C     0.328  0.389  0.283
13   W   C     0.335  0.389  0.276
14   S   C     0.322  0.406  0.271
15   L   C     0.320  0.408  0.273
16   V   C     0.320  0.407  0.273
17   L   C     0.322  0.398  0.281
18   L   C     0.328  0.392  0.279
19   L   C     0.324  0.384  0.291
20   L   C     0.327  0.385  0.288
21   G   C     0.318  0.398  0.284
22   L   C     0.320  0.392  0.288
23   V   C     0.325  0.384  0.291
24   M   C     0.324  0.389  0.287
25   P   C     0.332  0.382  0.287
26   L   C     0.332  0.375  0.293
27   A   C     0.341  0.369  0.290
28   I   C     0.338  0.371  0.291
29   I   C     0.347  0.369  0.283
30   A   C     0.362  0.365  0.273
31   Q   E     0.373  0.368  0.260
32   V   C     0.355  0.376  0.269
33   L   C     0.354  0.370  0.277
34   S   E     0.363  0.359  0.278
35   Y   E     0.383  0.340  0.277
36   K   E     0.361  0.359  0.280
37   E   E     0.375  0.350  0.275
38   A   E     0.367  0.350  0.283
39   V   E     0.360  0.349  0.292
40   L   C     0.354  0.361  0.285
41   R   E     0.358  0.356  0.285
42   A   C     0.339  0.355  0.306
43   I   C     0.344  0.351  0.304
44   D   E     0.357  0.353  0.290
45   G   C     0.354  0.356  0.290
46   I   E     0.365  0.340  0.296
47   N   C     0.347  0.366  0.286
48   Q   C     0.339  0.383  0.277
49   R   C     0.328  0.406  0.266
50   S   C     0.318  0.410  0.273
51   S   C     0.318  0.410  0.272
52   D   C     0.317  0.411  0.273
53   A   C     0.342  0.390  0.267
54   N   C     0.359  0.362  0.279
55   L   E     0.371  0.336  0.293
56   Y   E     0.378  0.329  0.293
57   R   E     0.377  0.351  0.272
58   L   C     0.362  0.364  0.273
59   L   C     0.330  0.389  0.281
60   D   C     0.327  0.399  0.274
