labels 4 2 1
2 0.320946 0.409002 0.270052
2 0.0968903 0.769558 0.133552
2 0.0650287 0.82096 0.114012
2 0.0404545 0.88466 0.0748851
2 0.0628907 0.873506 0.063603
2 0.0602058 0.867724 0.0720706
2 0.0309933 0.910064 0.0589429
2 0.0230356 0.875372 0.101592
2 0.0415167 0.854338 0.104145
2 0.0565676 0.767036 0.176396
2 0.108884 0.799708 0.0914084
2 0.129729 0.787986 0.0822853
2 0.0794462 0.782638 0.137915
2 0.0607755 0.809703 0.129522
2 0.0381712 0.871579 0.09025
2 0.0132276 0.951725 0.0350472
2 0.00833672 0.98024 0.0114228
2 0.00466058 0.967307 0.0280323
2 0.00314162 0.978624 0.0182346
2 0.00205965 0.986173 0.0117671
2 0.000954093 0.994173 0.00487269
2 0.00175483 0.993463 0.00478229
2 0.011304 0.972843 0.0158525
2 0.0381495 0.937936 0.0239149
2 0.0469539 0.91235 0.0406957
2 0.0509352 0.923568 0.0254968
2 0.0375776 0.94954 0.0128821
2 0.0253509 0.96708 0.00756913
2 0.0156092 0.973144 0.0112468
2 0.0206016 0.963255 0.0161432
2 0.0225262 0.950973 0.0265013
2 0.02279 0.954479 0.0227311
2 0.0468399 0.905302 0.0478578
2 0.142909 0.776676 0.0804156
2 0.254419 0.598004 0.147576
2 0.307012 0.606586 0.0864026
2 0.240528 0.698998 0.0604742
2 0.223361 0.711845 0.064794
2 0.262607 0.666784 0.0706092
2 0.299458 0.64889 0.0516512
2 0.308721 0.647518 0.0437613
2 0.292634 0.669238 0.0381285
2 0.286841 0.660254 0.0529053
2 0.245606 0.678747 0.0756461
2 0.201587 0.719616 0.0787973
2 0.228601 0.680911 0.0904882
2 0.254822 0.636766 0.108412
2 0.255484 0.639289 0.105226
2 0.223282 0.70125 0.0754679
2 0.155759 0.803563 0.0406778
2 0.106087 0.86161 0.0323032
2 0.0774789 0.879843 0.0426777
2 0.0873493 0.851874 0.0607768
2 0.108375 0.806018 0.0856063
2 0.158065 0.741345 0.10059
2 0.25112 0.668555 0.0803254
2 0.343997 0.517453 0.13855
4 0.439851 0.43815 0.121999
4 0.509799 0.400574 0.089627
4 0.723776 0.172285 0.103939
