labels 4 2 1
4 0.808863 0.0919726 0.0991647
4 0.67184 0.182749 0.145411
2 0.335421 0.347389 0.31719
2 0.220144 0.519366 0.26049
2 0.274784 0.430154 0.295063
4 0.462566 0.301765 0.235669
4 0.538005 0.268874 0.193121
4 0.447157 0.335395 0.217448
2 0.353654 0.525915 0.120431
2 0.207272 0.57688 0.215848
4 0.359668 0.345904 0.294428
4 0.402313 0.274895 0.322791
4 0.456876 0.227592 0.315532
4 0.529689 0.213009 0.257303
2 0.236038 0.557326 0.206637
2 0.100396 0.723211 0.176393
2 0.147041 0.575261 0.277697
1 0.152309 0.359705 0.487987
1 0.143282 0.224777 0.631941
1 0.193251 0.146323 0.660426
1 0.32134 0.158671 0.519989
1 0.438889 0.120753 0.440358
1 0.355419 0.0889582 0.555623
1 0.392405 0.119795 0.487801
4 0.530376 0.135551 0.334073
1 0.279203 0.196201 0.524596
1 0.119987 0.208806 0.671207
1 0.0744306 0.0964998 0.82907
1 0.0928859 0.0664204 0.840694
1 0.120938 0.0490555 0.830007
1 0.197536 0.0951563 0.707307
1 0.38753 0.1819 0.43057
4 0.59907 0.141523 0.259407
4 0.553753 0.126262 0.319985
4 0.485926 0.191108 0.322967
4 0.417701 0.34141 0.240889
2 0.117193 0.764151 0.118657
2 0.0258888 0.938244 0.0358675
2 0.028632 0.947652 0.0237161
2 0.120406 0.818571 0.0610228
2 0.427372 0.465932 0.106696
4 0.565672 0.310529 0.123798
4 0.477708 0.447538 0.0747536
4 0.587556 0.316509 0.0959356
4 0.567785 0.288025 0.144189
4 0.51913 0.308285 0.172584
4 0.54342 0.31822 0.138359
2 0.343487 0.552087 0.104426
2 0.169999 0.769519 0.0604813
2 0.192295 0.751213 0.0564915
2 0.246371 0.691561 0.0620685
2 0.219065 0.655891 0.125044
2 0.17932 0.680134 0.140546
2 0.148373 0.641932 0.209695
2 0.113429 0.455565 0.431006
1 0.151993 0.243824 0.604182
1 0.223762 0.199964 0.576274
1 0.372752 0.215388 0.411861
4 0.656875 0.128627 0.214498
4 0.737301 0.0756816 0.187018
