labels 4 2 1
2 0.391265 0.551898 0.0568369
2 0.115094 0.858177 0.0267292
2 0.0684799 0.9099 0.0216204
2 0.0481492 0.932101 0.0197494
2 0.0459312 0.937244 0.0168246
2 0.0799845 0.898757 0.0212582
2 0.108849 0.876079 0.0150717
2 0.15863 0.830409 0.010961
2 0.348862 0.640359 0.0107787
2 0.356338 0.632351 0.0113108
2 0.262364 0.72821 0.00942578
2 0.354104 0.627673 0.018223
2 0.373213 0.593149 0.0336379
2 0.193683 0.77952 0.0267972
2 0.0870371 0.886486 0.0264772
2 0.0286759 0.958625 0.0126996
2 0.0339952 0.955736 0.0102688
2 0.0518769 0.936708 0.0114155
2 0.102386 0.882204 0.01541
2 0.141129 0.837618 0.0212534
2 0.0824355 0.893398 0.024166
2 0.0215333 0.969326 0.00914067
2 0.0106173 0.979053 0.0103301
2 0.00472679 0.987391 0.00788177
2 0.0146818 0.975871 0.0094469
2 0.0120609 0.967938 0.0200008
2 0.00667027 0.981078 0.0122517
2 0.0170532 0.93604 0.0469071
2 0.0374242 0.911601 0.0509751
2 0.0349338 0.870676 0.0943905
2 0.0525206 0.8144 0.133079
2 0.0548085 0.843213 0.101979
2 0.0441898 0.837112 0.118698
2 0.00862552 0.961025 0.0303497
2 0.00769083 0.979558 0.012751
2 0.00914175 0.977015 0.0138431
2 0.0285537 0.948906 0.0225401
2 0.0367758 0.940508 0.0227163
2 0.0175555 0.962433 0.0200118
2 0.00762935 0.963375 0.028996
2 0.00276526 0.972248 0.0249865
2 0.00197104 0.973436 0.0245926
2 0.0048155 0.951433 0.0437517
2 0.00344211 0.934618 0.0619402
2 0.00457432 0.920094 0.0753314
2 0.00525621 0.883461 0.111282
2 0.00280888 0.940862 0.0563287
2 0.00392923 0.936388 0.0596826
2 0.0134637 0.929344 0.0571922
2 0.0539664 0.897439 0.0485948
2 0.0882178 0.862315 0.0494671
2 0.0546236 0.895754 0.0496223
2 0.0550009 0.891201 0.0537985
2 0.0613086 0.877838 0.0608536
2 0.093092 0.814872 0.092036
2 0.08683 0.830456 0.0827139
2 0.0669515 0.854807 0.0782414
2 0.0279562 0.916905 0.0551393
2 0.0313299 0.92055 0.04812
2 0.030022 0.925861 0.0441173
