labels 4 2 1
4 0.527964 0.261245 0.210791
2 0.243563 0.567805 0.188632
2 0.192547 0.558972 0.248481
2 0.140666 0.537066 0.322267
1 0.0941427 0.391882 0.513975
1 0.11452 0.373989 0.511491
1 0.179887 0.274484 0.54563
1 0.0996844 0.222818 0.677498
1 0.141358 0.239599 0.619043
1 0.0889512 0.236098 0.674951
1 0.0685031 0.373663 0.557834
2 0.0640532 0.474693 0.461254
2 0.0713986 0.521734 0.406867
2 0.0934406 0.581968 0.324591
2 0.0895987 0.582806 0.327595
2 0.0823264 0.627705 0.289969
2 0.113194 0.550507 0.336299
2 0.161156 0.581979 0.256865
2 0.232145 0.601215 0.16664
2 0.194171 0.578078 0.227751
2 0.123236 0.593157 0.283608
2 0.142833 0.638261 0.218906
2 0.146794 0.679376 0.173829
2 0.269644 0.563997 0.166359
2 0.253899 0.454558 0.291543
2 0.21297 0.435412 0.351618
1 0.254744 0.343642 0.401614
1 0.304433 0.24562 0.449947
1 0.324827 0.207414 0.467758
1 0.36208 0.227188 0.410732
1 0.228231 0.29386 0.477908
1 0.243786 0.300104 0.45611
1 0.239153 0.313782 0.447065
1 0.201204 0.277466 0.521329
1 0.163832 0.36217 0.473999
1 0.121906 0.43495 0.443145
1 0.12764 0.432258 0.440102
2 0.135759 0.573202 0.291039
2 0.163017 0.654307 0.182676
2 0.146863 0.612221 0.240916
2 0.137883 0.575035 0.287081
2 0.182324 0.537741 0.279935
2 0.270292 0.450437 0.279271
2 0.320373 0.459228 0.2204
2 0.302413 0.399129 0.298458
2 0.21107 0.406984 0.381946
2 0.210487 0.404777 0.384736
1 0.232706 0.29749 0.469803
1 0.293144 0.342511 0.364345
1 0.226092 0.332223 0.441685
1 0.237611 0.264235 0.498154
1 0.227516 0.265188 0.507295
1 0.191667 0.240749 0.567584
1 0.122212 0.258303 0.619485
1 0.129719 0.299712 0.570569
1 0.186952 0.264362 0.548686
1 0.329268 0.329567 0.341165
4 0.5034 0.325334 0.171266
4 0.593535 0.318184 0.0882817
4 0.723713 0.175127 0.101159
