labels 4 2 1
4 0.734919 0.0635886 0.201493
4 0.674546 0.121916 0.203539
4 0.607335 0.101508 0.291156
4 0.471408 0.189246 0.339346
2 0.324331 0.365689 0.30998
2 0.235591 0.536827 0.227581
2 0.171246 0.69848 0.130274
2 0.124975 0.755911 0.119115
2 0.0834563 0.815002 0.101542
2 0.0841824 0.753547 0.16227
2 0.0892204 0.668584 0.242196
2 0.118442 0.563897 0.317661
2 0.168543 0.624127 0.207331
2 0.290506 0.532295 0.177199
2 0.340567 0.513244 0.146189
2 0.301988 0.577728 0.120284
2 0.131881 0.762221 0.105897
2 0.0668161 0.860985 0.072199
2 0.0754524 0.83486 0.0896881
2 0.0883739 0.840643 0.0709829
2 0.0865699 0.810891 0.102539
2 0.06646 0.814029 0.119511
2 0.0633617 0.834751 0.101887
2 0.176548 0.688189 0.135264
2 0.275274 0.581195 0.143531
2 0.385931 0.498054 0.116014
2 0.316866 0.58677 0.0963636
2 0.259629 0.634927 0.105444
2 0.209756 0.682423 0.10782
2 0.120364 0.783403 0.0962333
2 0.121503 0.759678 0.118819
2 0.187668 0.677846 0.134486
2 0.207866 0.690425 0.10171
2 0.175896 0.716594 0.10751
2 0.166758 0.747039 0.0862037
2 0.195684 0.721846 0.0824699
2 0.227602 0.690653 0.0817454
2 0.193151 0.747645 0.0592047
2 0.16711 0.786552 0.0463379
2 0.1056 0.859315 0.0350852
2 0.0872306 0.872476 0.0402936
2 0.0822177 0.863118 0.0546638
2 0.0794828 0.873107 0.0474104
2 0.0711627 0.888347 0.0404899
2 0.12459 0.847554 0.0278556
2 0.256174 0.712891 0.0309349
2 0.478898 0.490252 0.0308499
4 0.515585 0.464755 0.0196602
4 0.510727 0.466806 0.0224664
2 0.422354 0.55018 0.0274659
2 0.405357 0.562217 0.0324258
2 0.384229 0.589624 0.0261476
2 0.452537 0.526643 0.0208199
2 0.393855 0.584526 0.0216186
2 0.32143 0.649803 0.0287671
2 0.223224 0.744245 0.0325318
2 0.226314 0.735849 0.0378373
2 0.356151 0.577544 0.0663046
4 0.543755 0.385801 0.0704437
4 0.772616 0.152894 0.0744901
