labels 4 2 1
4 0.616561 0.339645 0.0437937
2 0.23287 0.711607 0.055523
2 0.183901 0.762251 0.053848
2 0.0924799 0.840661 0.0668588
2 0.0686162 0.866688 0.0646962
2 0.081955 0.828391 0.0896535
2 0.0860778 0.764746 0.149176
2 0.149679 0.639454 0.210867
2 0.157297 0.494671 0.348032
1 0.155245 0.416449 0.428307
2 0.144605 0.433297 0.422098
2 0.113983 0.460158 0.425859
2 0.0989418 0.561625 0.339433
2 0.107757 0.592302 0.299941
2 0.144811 0.668758 0.186431
2 0.272689 0.618641 0.10867
2 0.332782 0.609489 0.057729
2 0.217675 0.759049 0.0232759
2 0.185527 0.803728 0.0107456
2 0.115126 0.877722 0.00715289
2 0.0922027 0.902618 0.00517962
2 0.0662557 0.925378 0.00836643
2 0.0867546 0.903716 0.00952924
2 0.0644244 0.928138 0.00743803
2 0.0343103 0.956356 0.00933365
2 0.00665951 0.986757 0.00658367
2 0.00126767 0.996549 0.00218352
2 1.04314e-06 0.999096 0.000902765
2 2.6006e-07 0.999545 0.00045519
2 7.7931e-06 0.997082 0.00291031
2 0.000736434 0.968743 0.0305203
2 0.00238264 0.923178 0.0744391
2 0.0024051 0.947565 0.0500301
2 0.000889137 0.96569 0.0334204
2 0.00432254 0.830093 0.165584
1 0.0451314 0.428128 0.52674
1 0.0655361 0.143523 0.790941
1 0.114932 0.0912371 0.793831
1 0.169366 0.0961472 0.734487
1 0.181809 0.141035 0.677157
1 0.308545 0.160967 0.530488
4 0.428256 0.148692 0.423052
4 0.496569 0.163628 0.339802
4 0.375573 0.307119 0.317308
2 0.237505 0.393413 0.369082
1 0.202936 0.388905 0.408159
1 0.207923 0.307303 0.484775
1 0.159038 0.32816 0.512802
1 0.143366 0.380785 0.475849
2 0.192875 0.428975 0.37815
2 0.246909 0.413633 0.339458
2 0.307736 0.411681 0.280582
2 0.329735 0.492289 0.177976
2 0.345693 0.50308 0.151227
4 0.470813 0.426517 0.10267
2 0.364212 0.551374 0.0844136
2 0.341689 0.593806 0.0645045
2 0.346192 0.59876 0.0550473
4 0.526158 0.429226 0.0446163
4 0.687027 0.259104 0.053869
