labels 4 2 1
4 0.597757 0.382532 0.0197104
2 0.313541 0.677007 0.00945208
2 0.290904 0.690161 0.0189355
2 0.233404 0.734633 0.0319625
2 0.170525 0.776497 0.0529782
2 0.11942 0.845834 0.0347464
2 0.0784862 0.877996 0.0435181
2 0.0860324 0.854995 0.0589729
2 0.140296 0.743825 0.115878
2 0.178335 0.715867 0.105798
2 0.134692 0.804884 0.0604244
2 0.0662836 0.904906 0.0288108
2 0.0618811 0.911501 0.0266178
2 0.0382408 0.937737 0.0240226
2 0.0408956 0.942216 0.0168887
2 0.0333435 0.951135 0.0155218
2 0.0577476 0.930693 0.0115598
2 0.0606702 0.930784 0.00854612
2 0.0847438 0.905126 0.0101306
2 0.0558082 0.937068 0.0071238
2 0.0572976 0.932658 0.010044
2 0.0119919 0.984323 0.00368525
2 0.00992989 0.985045 0.00502515
2 0.0239708 0.958807 0.0172224
2 0.0480784 0.918285 0.0336364
2 0.0849484 0.860882 0.0541701
2 0.12184 0.77989 0.0982702
2 0.105446 0.791935 0.102619
2 0.0828293 0.795961 0.121209
2 0.0809504 0.820669 0.0983808
2 0.0484336 0.843644 0.107923
2 0.0522995 0.779905 0.167796
2 0.0740228 0.628172 0.297805
2 0.133777 0.532587 0.333636
2 0.202714 0.563316 0.23397
2 0.261843 0.602882 0.135275
2 0.30277 0.609543 0.0876873
2 0.396429 0.533418 0.0701534
2 0.346003 0.569958 0.0840392
2 0.370366 0.538597 0.0910366
2 0.393479 0.55168 0.0548415
2 0.389061 0.553676 0.0572625
2 0.255897 0.681184 0.0629184
2 0.141069 0.820727 0.0382036
2 0.193603 0.76058 0.0458177
2 0.155801 0.770965 0.0732338
2 0.0836546 0.852884 0.0634615
2 0.0517874 0.901079 0.047134
2 0.0468771 0.917499 0.0356241
2 0.0687129 0.90088 0.030407
2 0.118091 0.847287 0.0346217
2 0.104164 0.868148 0.0276885
2 0.0672377 0.909829 0.0229329
2 0.0935117 0.88605 0.0204383
2 0.150547 0.834728 0.0147248
2 0.207218 0.778961 0.0138212
2 0.254049 0.731303 0.0146478
2 0.338148 0.649485 0.012367
2 0.453588 0.532262 0.0141497
4 0.6209 0.359699 0.0194015
