Secondary Structure Prediction Output (Part of REGAd3p ASA Prediction)
TARGET: P22362, Length: 60

SR#  AA  SSp  pCoil          pBeta          pHelix
1    M   E    0.363378       0.547794       0.0888275
2    Q   E    0.10006        0.877534       0.0224058
3    I   E    0.0399886      0.930654       0.0293575
4    I   E    0.0167559      0.962198       0.0210458
5    T   E    0.0188641      0.958897       0.0222387
6    T   E    0.0258065      0.955781       0.0184127
7    A   E    0.0364415      0.94725        0.0163086
8    L   E    0.0303585      0.947446       0.022195
9    V   E    0.028304       0.943392       0.0283041
10   C   E    0.0336318      0.937861       0.0285068
11   L   E    0.0336824      0.931431       0.0348861
12   L   E    0.0346278      0.905236       0.0601359
13   L   E    0.0356087      0.834945       0.129446
14   A   E    0.0545768      0.763384       0.18204
15   G   E    0.0670719      0.821112       0.111816
16   M   E    0.048375       0.853117       0.0985076
17   W   E    0.0467838      0.805099       0.148117
18   P   E    0.0843012      0.666862       0.248836
19   E   E    0.208095       0.575326       0.21658
20   D   E    0.302446       0.577809       0.119744
21   V   E    0.227596       0.65955        0.112854
22   D   E    0.208524       0.629585       0.161891
23   S   E    0.170607       0.727424       0.101969
24   K   E    0.127281       0.831875       0.0408436
25   S   E    0.0835776      0.88429        0.0321328
26   M   E    0.099243       0.844435       0.0563222
27   Q   E    0.107441       0.83838        0.0541785
28   V   E    0.132519       0.801442       0.0660383
29   P   E    0.110463       0.819839       0.0696981
30   F   E    0.058101       0.865642       0.076257
31   S   E    0.0401757      0.853184       0.106641
32   R   E    0.0104253      0.825497       0.164078
33   C   E    0.00112118     0.931896       0.0669824
34   C   E    0.000423798    0.976466       0.0231099
35   F   E    0.00160049     0.971601       0.0267983
36   S   E    0.016365       0.91402        0.0696155
37   F   E    0.0221579      0.846736       0.131106
38   A   E    0.0588316      0.746417       0.194751
39   E   E    0.173877       0.473072       0.353051
40   Q   E    0.191998       0.588259       0.219743
41   E   E    0.166041       0.724028       0.109932
42   I   E    0.0953375      0.843554       0.0611087
43   P   E    0.0837214      0.882614       0.0336643
44   L   E    0.120087       0.792601       0.0873121
45   R   E    0.153815       0.770478       0.0757072
46   A   E    0.130509       0.809139       0.0603513
47   I   E    0.0489158      0.906626       0.0444585
48   L   E    0.0317806      0.901156       0.0670638
49   C   E    0.0192999      0.946744       0.0339562
50   Y   E    0.00689465     0.982829       0.0102764
51   R   E    0.00951089     0.984689       0.00579971
52   N   E    0.0202028      0.970371       0.00942668
53   T   E    0.013246       0.979893       0.00686104
54   S   E    0.00934432     0.977971       0.0126842
55   S   E    0.0112582      0.96641        0.022332
56   I   E    0.00526376     0.969209       0.025527
57   C   E    0.00318525     0.986038       0.0107767
58   S   E    0.0241764      0.962904       0.0129197
59   N   E    0.155489       0.819613       0.0248982
60   E   C    0.484806       0.481061       0.0341324
END
