Secondary Structure Prediction Output by cSVM (Part of BalancedSSP)
TARGET: P22362, Length: 60

SR#  AA  cSVM  pBeta  pCoil  pHelix
1    M   C     0.326  0.354  0.320
2    Q   E     0.339  0.327  0.334
3    I   H     0.339  0.285  0.376
4    I   H     0.327  0.281  0.392
5    T   H     0.327  0.289  0.384
6    T   H     0.322  0.294  0.383
7    A   H     0.318  0.305  0.377
8    L   H     0.317  0.295  0.388
9    V   H     0.327  0.293  0.381
10   C   H     0.318  0.315  0.367
11   L   C     0.330  0.342  0.328
12   L   C     0.337  0.352  0.311
13   L   C     0.337  0.362  0.300
14   A   C     0.336  0.379  0.286
15   G   C     0.340  0.386  0.273
16   M   C     0.347  0.381  0.273
17   W   C     0.340  0.387  0.273
18   P   C     0.335  0.396  0.269
19   E   C     0.322  0.412  0.266
20   D   C     0.323  0.410  0.266
21   V   C     0.334  0.397  0.268
22   D   C     0.353  0.381  0.266
23   S   C     0.351  0.377  0.272
24   K   C     0.365  0.371  0.264
25   S   E     0.379  0.363  0.258
26   M   C     0.365  0.377  0.259
27   Q   C     0.348  0.394  0.258
28   V   C     0.348  0.398  0.253
29   P   C     0.358  0.389  0.253
30   F   C     0.355  0.385  0.259
31   S   E     0.375  0.366  0.259
32   R   E     0.386  0.336  0.278
33   C   E     0.403  0.286  0.311
34   C   E     0.427  0.279  0.293
35   F   E     0.423  0.305  0.272
36   S   E     0.386  0.351  0.263
37   F   E     0.367  0.362  0.271
38   A   C     0.344  0.378  0.278
39   E   C     0.335  0.389  0.276
40   Q   C     0.337  0.399  0.265
41   E   C     0.336  0.397  0.267
42   I   C     0.347  0.384  0.269
43   P   C     0.350  0.378  0.272
44   L   C     0.348  0.374  0.279
45   R   C     0.346  0.378  0.276
46   A   C     0.347  0.378  0.275
47   I   C     0.346  0.373  0.281
48   L   C     0.361  0.363  0.276
49   C   E     0.360  0.356  0.284
50   Y   C     0.348  0.369  0.284
51   R   C     0.350  0.376  0.273
52   N   C     0.333  0.392  0.275
53   T   C     0.334  0.392  0.274
54   S   C     0.357  0.367  0.276
55   S   C     0.353  0.355  0.292
56   I   E     0.356  0.352  0.292
57   C   E     0.364  0.342  0.294
58   S   C     0.358  0.364  0.277
59   N   C     0.352  0.380  0.268
60   E   C     0.331  0.402  0.268
