Secondary Structure Prediction Output by cSVM (Part of BalancedSSP)
TARGET: P04234-1, Length: 60

SR#  AA  cSVM  pBeta  pCoil  pHelix
1    M   H     0.325  0.322  0.353
2    E   H     0.315  0.306  0.379
3    H   H     0.308  0.298  0.394
4    S   H     0.303  0.305  0.392
5    T   H     0.308  0.317  0.375
6    F   H     0.316  0.306  0.378
7    L   H     0.319  0.295  0.386
8    S   H     0.316  0.298  0.385
9    G   H     0.318  0.303  0.379
10   L   H     0.324  0.312  0.364
11   V   C     0.329  0.337  0.334
12   L   C     0.329  0.359  0.312
13   A   C     0.334  0.368  0.298
14   T   C     0.337  0.379  0.284
15   L   C     0.332  0.381  0.286
16   L   C     0.334  0.384  0.282
17   S   C     0.328  0.397  0.275
18   Q   C     0.333  0.401  0.266
19   V   C     0.323  0.410  0.266
20   S   C     0.322  0.414  0.263
21   P   C     0.343  0.397  0.259
22   F   C     0.346  0.395  0.259
23   K   C     0.358  0.386  0.255
24   I   E     0.376  0.372  0.252
25   P   C     0.369  0.374  0.257
26   I   E     0.403  0.340  0.256
27   E   E     0.393  0.348  0.259
28   E   C     0.362  0.364  0.274
29   L   C     0.349  0.366  0.285
30   E   C     0.331  0.385  0.285
31   D   C     0.331  0.389  0.280
32   R   C     0.357  0.375  0.268
33   V   E     0.375  0.353  0.272
34   F   E     0.368  0.361  0.271
35   V   E     0.383  0.337  0.280
36   N   E     0.355  0.344  0.301
37   C   E     0.352  0.334  0.314
38   N   E     0.363  0.349  0.288
39   T   C     0.355  0.365  0.279
40   S   C     0.341  0.385  0.275
41   I   C     0.338  0.384  0.278
42   T   C     0.345  0.383  0.272
43   W   C     0.354  0.373  0.274
44   V   C     0.348  0.378  0.274
45   E   C     0.366  0.366  0.268
46   G   C     0.337  0.383  0.280
47   T   C     0.333  0.384  0.283
48   V   C     0.330  0.383  0.286
49   G   C     0.330  0.397  0.273
50   T   C     0.322  0.407  0.271
51   L   C     0.333  0.402  0.265
52   L   C     0.325  0.412  0.263
53   S   C     0.317  0.420  0.263
54   D   C     0.329  0.406  0.266
55   I   C     0.321  0.407  0.272
56   T   C     0.325  0.409  0.266
57   R   C     0.333  0.400  0.268
58   L   C     0.327  0.396  0.277
59   D   C     0.326  0.395  0.279
60   L   C     0.326  0.396  0.278
