labels 4 2 1
2 0.275065 0.489765 0.23517
2 0.208112 0.654226 0.137663
2 0.286919 0.51488 0.198201
2 0.266649 0.596871 0.13648
2 0.247374 0.645266 0.10736
2 0.11278 0.819379 0.0678409
2 0.0500642 0.895304 0.0546314
2 0.0541411 0.885153 0.0607059
2 0.0640721 0.890077 0.0458509
2 0.0292227 0.949745 0.0210324
2 0.019072 0.967631 0.0132975
2 0.0203859 0.952429 0.0271853
2 0.0231339 0.942726 0.0341398
2 0.0229365 0.940198 0.0368658
2 0.0278592 0.935199 0.0369413
2 0.0631481 0.865479 0.0713732
2 0.0886628 0.783107 0.12823
2 0.114686 0.786387 0.0989264
2 0.140003 0.807064 0.0529331
2 0.190681 0.771016 0.0383031
2 0.193053 0.750797 0.0561503
2 0.135813 0.819241 0.0449461
2 0.0823423 0.896017 0.0216404
2 0.0331689 0.955016 0.0118148
2 0.0362245 0.950581 0.0131949
2 0.0232938 0.954439 0.022267
2 0.0229233 0.952028 0.0250486
2 0.0455949 0.900527 0.0538783
2 0.0558703 0.806059 0.138071
2 0.0612044 0.767967 0.170828
2 0.0782254 0.807556 0.114218
2 0.0621899 0.898949 0.0388612
2 0.0193683 0.970576 0.0100552
2 0.0160613 0.974792 0.00914637
2 0.0105209 0.965525 0.0239541
2 0.0114254 0.935957 0.0526177
2 0.00374624 0.949237 0.0470165
2 0.0106646 0.964507 0.0248289
2 0.0434872 0.889596 0.0669163
2 0.0878021 0.848545 0.063653
2 0.084269 0.853045 0.0626861
2 0.0808993 0.877493 0.0416077
2 0.0596402 0.905317 0.0350424
2 0.0843668 0.86863 0.0470035
2 0.122626 0.809188 0.0681857
2 0.228669 0.706131 0.0651999
2 0.209912 0.734769 0.0553187
2 0.170748 0.744479 0.0847733
2 0.222157 0.707596 0.0702471
2 0.240277 0.685135 0.0745881
2 0.185534 0.732409 0.0820568
2 0.16835 0.707771 0.123879
2 0.182671 0.66175 0.155579
2 0.147501 0.680176 0.172324
2 0.166541 0.697319 0.13614
2 0.222174 0.686616 0.0912096
2 0.328741 0.577285 0.0939732
2 0.454451 0.468588 0.076961
4 0.575005 0.360067 0.0649283
4 0.652044 0.21265 0.135306
