labels 4 2 1
4 0.658917 0.178774 0.162308
4 0.480336 0.336028 0.183636
2 0.367629 0.411568 0.220803
2 0.225766 0.626634 0.1476
2 0.125213 0.766725 0.108062
2 0.125397 0.788886 0.0857165
2 0.0883263 0.861253 0.0504205
2 0.0952499 0.874909 0.0298406
2 0.0656015 0.921018 0.0133803
2 0.0717277 0.916669 0.011603
2 0.0978534 0.893152 0.00899479
2 0.164827 0.824998 0.0101752
2 0.17541 0.810899 0.0136908
2 0.12524 0.865096 0.00966476
2 0.11119 0.874809 0.0140011
2 0.138979 0.832756 0.0282643
2 0.12887 0.825354 0.045776
2 0.138215 0.815232 0.0465531
2 0.167198 0.789568 0.0432339
2 0.163311 0.793638 0.0430512
2 0.174394 0.777398 0.0482079
2 0.12635 0.826731 0.0469196
2 0.0887502 0.887665 0.0235851
2 0.0554977 0.918225 0.0262773
2 0.0356366 0.940024 0.0243395
2 0.0523321 0.919838 0.0278301
2 0.092584 0.876044 0.0313715
2 0.0715576 0.900836 0.0276063
2 0.08531 0.887098 0.0275924
2 0.128885 0.828581 0.0425334
2 0.175005 0.786876 0.0381198
2 0.234138 0.708348 0.0575134
2 0.161031 0.78885 0.0501187
2 0.130497 0.838036 0.0314671
2 0.116341 0.844607 0.0390519
2 0.172902 0.759167 0.0679311
2 0.194487 0.712841 0.0926722
2 0.180581 0.743037 0.0763811
2 0.19374 0.756282 0.0499784
2 0.234901 0.704564 0.0605352
2 0.133921 0.78908 0.0769988
2 0.122776 0.812248 0.0649762
2 0.105948 0.819291 0.074761
2 0.161169 0.734949 0.103882
2 0.0947864 0.745866 0.159348
2 0.179428 0.544973 0.275599
2 0.152597 0.543967 0.303436
2 0.169854 0.662162 0.167984
2 0.0595483 0.84588 0.0945717
2 0.120417 0.7888 0.0907835
2 0.121096 0.731627 0.147277
2 0.0673138 0.81451 0.118177
2 0.0695394 0.774517 0.155944
2 0.118735 0.765556 0.115709
2 0.181354 0.740165 0.0784809
2 0.182797 0.764929 0.0522748
2 0.147477 0.820767 0.0317559
2 0.177799 0.782833 0.0393685
2 0.261998 0.702746 0.0352565
2 0.409917 0.507325 0.0827579
