Secondary Structure Prediction Output by cSVM (Part of BalancedSSP)
TARGET: P35611-1, Length: 60

SR#  AA  cSVM  pBeta  pCoil  pHelix
1    M   C     0.319  0.346  0.334
2    N   H     0.327  0.313  0.360
3    G   H     0.318  0.285  0.396
4    D   H     0.320  0.280  0.400
5    S   H     0.327  0.283  0.391
6    R   H     0.324  0.313  0.363
7    A   E     0.355  0.317  0.328
8    A   E     0.368  0.326  0.306
9    V   E     0.389  0.321  0.290
10   V   E     0.363  0.349  0.289
11   T   C     0.357  0.372  0.271
12   S   C     0.343  0.397  0.261
13   P   C     0.350  0.394  0.256
14   P   C     0.375  0.380  0.245
15   P   E     0.384  0.371  0.245
16   T   E     0.393  0.364  0.243
17   T   E     0.391  0.361  0.248
18   A   C     0.370  0.377  0.254
19   P   E     0.382  0.368  0.250
20   H   E     0.378  0.367  0.255
21   K   C     0.366  0.375  0.259
22   E   C     0.360  0.378  0.262
23   R   C     0.358  0.377  0.265
24   Y   C     0.362  0.367  0.271
25   F   E     0.373  0.362  0.265
26   D   E     0.384  0.360  0.256
27   R   C     0.364  0.373  0.263
28   V   C     0.351  0.380  0.269
29   D   C     0.343  0.387  0.270
30   E   C     0.344  0.386  0.270
31   N   C     0.338  0.392  0.270
32   N   C     0.350  0.386  0.264
33   P   C     0.368  0.371  0.261
34   E   E     0.370  0.370  0.260
35   Y   C     0.360  0.377  0.264
36   L   C     0.346  0.390  0.263
37   R   C     0.338  0.400  0.262
38   E   C     0.331  0.404  0.265
39   R   C     0.323  0.410  0.267
40   N   C     0.337  0.400  0.263
41   M   C     0.351  0.387  0.262
42   A   C     0.358  0.378  0.264
43   P   E     0.370  0.366  0.263
44   D   C     0.350  0.378  0.272
45   L   C     0.340  0.385  0.276
46   R   C     0.335  0.391  0.274
47   Q   C     0.330  0.392  0.278
48   D   C     0.329  0.388  0.283
49   F   C     0.353  0.362  0.286
50   N   C     0.354  0.360  0.286
51   M   C     0.344  0.364  0.293
52   M   C     0.344  0.373  0.283
53   E   C     0.324  0.395  0.280
54   Q   C     0.321  0.392  0.288
55   K   C     0.315  0.401  0.284
56   K   C     0.324  0.398  0.277
57   R   C     0.328  0.397  0.275
58   V   C     0.336  0.383  0.280
59   S   C     0.338  0.385  0.277
60   M   C     0.334  0.391  0.275
