labels 4 2 1
4 0.685336 0.191594 0.123069
4 0.515331 0.418107 0.0665616
4 0.49445 0.445446 0.0601042
2 0.397955 0.564558 0.0374867
2 0.301934 0.653378 0.0446873
2 0.211159 0.762604 0.0262374
2 0.108059 0.874762 0.0171788
2 0.077485 0.905769 0.0167456
2 0.0536024 0.929264 0.0171333
2 0.0762637 0.906949 0.0167875
2 0.10722 0.873396 0.019384
2 0.174388 0.793984 0.031628
2 0.311203 0.659433 0.0293632
2 0.281533 0.687727 0.03074
2 0.242471 0.724121 0.0334079
2 0.214179 0.729757 0.0560641
2 0.148207 0.790764 0.0610285
2 0.127567 0.808285 0.0641478
2 0.255598 0.662059 0.0823425
2 0.278459 0.653536 0.0680053
2 0.278666 0.674942 0.0463922
2 0.28929 0.658245 0.0524656
2 0.201154 0.766289 0.0325567
2 0.177258 0.794639 0.0281025
2 0.26894 0.701613 0.0294475
2 0.27641 0.702841 0.0207489
2 0.39957 0.581395 0.0190351
2 0.315819 0.665861 0.0183195
2 0.235969 0.738332 0.0256989
2 0.119697 0.857356 0.0229469
2 0.095342 0.875895 0.0287635
2 0.0673709 0.915083 0.0175463
2 0.0616661 0.928724 0.0096101
2 0.135675 0.841527 0.0227981
2 0.181455 0.782952 0.0355931
2 0.0917458 0.882342 0.0259122
2 0.0476268 0.93007 0.0223029
2 0.0177247 0.966359 0.0159167
2 0.0435699 0.932564 0.0238661
2 0.0287165 0.925462 0.0458216
2 0.0279703 0.934323 0.0377069
2 0.0223457 0.912074 0.0655799
2 0.0166652 0.926788 0.0565472
2 0.0336358 0.863565 0.102799
2 0.0762429 0.860081 0.0636763
2 0.0742036 0.862506 0.0632907
2 0.129143 0.778203 0.0926542
2 0.157428 0.745844 0.096728
2 0.241093 0.688537 0.0703699
2 0.219147 0.741101 0.0397521
2 0.179135 0.790026 0.0308398
2 0.121634 0.858806 0.01956
2 0.0573233 0.933733 0.00894372
2 0.0512733 0.942078 0.00664819
2 0.00939235 0.986892 0.00371593
2 0.0035327 0.993378 0.00308906
2 0.0028557 0.992571 0.00457288
2 0.0123007 0.982951 0.00474799
2 0.0387945 0.953113 0.00809259
2 0.122392 0.85735 0.0202584
