labels 4 2 1
2 0.424083 0.549976 0.0259406
2 0.173417 0.812373 0.01421
2 0.0957705 0.891124 0.0131053
2 0.0647896 0.921434 0.0137759
2 0.0873441 0.903097 0.00955908
2 0.154062 0.8371 0.00883838
2 0.226876 0.766757 0.00636793
2 0.205063 0.788997 0.00593988
2 0.164396 0.828475 0.00712906
2 0.187685 0.806744 0.00557078
2 0.0848843 0.910371 0.00474428
2 0.0689094 0.927853 0.00323769
2 0.0605873 0.936879 0.00253408
2 0.0997424 0.898398 0.00185985
2 0.101585 0.896517 0.00189809
2 0.128068 0.869658 0.00227434
2 0.180576 0.816122 0.00330271
2 0.315373 0.677832 0.00679494
2 0.432318 0.555985 0.0116962
2 0.429398 0.558511 0.0120915
2 0.312881 0.67886 0.00825936
2 0.242458 0.751306 0.00623579
2 0.221142 0.772145 0.00671339
2 0.199774 0.788149 0.0120772
2 0.186911 0.798079 0.01501
2 0.210359 0.770853 0.0187877
2 0.125755 0.859136 0.0151089
2 0.099624 0.892803 0.00757253
2 0.125325 0.868591 0.00608418
2 0.141957 0.852287 0.00575548
2 0.136127 0.856996 0.00687728
2 0.191808 0.798028 0.010164
2 0.252525 0.73454 0.0129351
2 0.22832 0.760887 0.0107933
2 0.113349 0.874748 0.0119021
2 0.0805598 0.91419 0.00525034
2 0.180293 0.809744 0.00996276
2 0.251022 0.739477 0.00950069
2 0.161056 0.832922 0.00602226
2 0.124792 0.870537 0.00467083
2 0.116864 0.87833 0.00480589
2 0.142438 0.849047 0.00851502
2 0.153063 0.833358 0.0135788
2 0.110368 0.881087 0.00854488
2 0.192688 0.795734 0.0115777
2 0.194154 0.797368 0.0084772
2 0.134029 0.860278 0.00569358
2 0.148952 0.843946 0.00710191
2 0.235395 0.756725 0.00788046
2 0.212159 0.782392 0.00544892
2 0.187647 0.807003 0.00534995
2 0.139344 0.856033 0.00462283
2 0.142977 0.848749 0.00827398
2 0.13587 0.853293 0.0108368
2 0.168222 0.823869 0.00790965
2 0.203287 0.790557 0.00615554
2 0.257566 0.736409 0.0060247
2 0.254647 0.73836 0.00699337
2 0.421895 0.570561 0.00754404
4 0.745536 0.236606 0.0178581
