labels 4 2 1
4 0.593095 0.346357 0.0605482
2 0.307273 0.644595 0.0481324
2 0.307705 0.629363 0.062932
2 0.191009 0.765127 0.0438642
2 0.164816 0.809592 0.0255929
2 0.185528 0.790585 0.0238868
2 0.217631 0.741421 0.0409489
2 0.301516 0.644276 0.0542079
2 0.336934 0.617306 0.0457596
2 0.333752 0.64251 0.0237373
2 0.228596 0.75634 0.0150631
2 0.104409 0.885951 0.00964016
2 0.09148 0.890818 0.0177025
2 0.166832 0.798717 0.0344505
2 0.147739 0.814413 0.037848
2 0.0997379 0.863967 0.0362954
2 0.113859 0.855458 0.0306822
2 0.144013 0.837574 0.0184135
2 0.224572 0.745513 0.0299152
2 0.260029 0.681125 0.0588457
2 0.243591 0.692385 0.0640245
2 0.257385 0.657836 0.0847789
2 0.148368 0.783694 0.0679378
2 0.0845536 0.853846 0.0616005
2 0.0578034 0.883594 0.0586022
2 0.0988287 0.817591 0.0835807
2 0.231914 0.629223 0.138864
2 0.225333 0.679649 0.0950185
2 0.153541 0.809763 0.0366964
2 0.199163 0.782281 0.0185557
2 0.252808 0.730397 0.0167959
2 0.261439 0.724621 0.0139393
2 0.273629 0.70766 0.0187114
2 0.184515 0.806301 0.00918393
2 0.0591704 0.936445 0.00438475
2 0.021574 0.975848 0.00257843
2 0.0135617 0.984734 0.00170398
2 0.0300247 0.966314 0.00366142
2 0.115334 0.876604 0.00806102
2 0.115365 0.87549 0.00914464
2 0.139272 0.855234 0.00549382
2 0.109894 0.887033 0.00307303
2 0.113576 0.884952 0.00147217
2 0.194173 0.803761 0.00206625
2 0.199223 0.798895 0.00188187
2 0.193994 0.802656 0.00335035
2 0.221158 0.775566 0.00327632
2 0.0972503 0.901263 0.00148636
2 0.142263 0.855536 0.00220104
2 0.170529 0.826337 0.00313487
2 0.193753 0.802349 0.00389729
2 0.241897 0.752375 0.00572824
2 0.168139 0.824968 0.0068933
2 0.110431 0.878102 0.0114676
2 0.0996452 0.889957 0.0103976
2 0.0851129 0.903587 0.0113003
2 0.113271 0.874217 0.0125125
2 0.110109 0.880358 0.00953352
2 0.14484 0.842431 0.012729
2 0.231659 0.736473 0.0318688
