labels 4 2 1
4 0.58875 0.152038 0.259213
1 0.271745 0.327646 0.400609
1 0.203947 0.292099 0.503954
1 0.1341 0.321283 0.544616
1 0.188204 0.314966 0.49683
1 0.155569 0.274087 0.570344
1 0.1374 0.280408 0.582192
1 0.0891986 0.354382 0.556419
1 0.0887955 0.349726 0.561478
1 0.105457 0.263644 0.630899
1 0.174309 0.301883 0.523808
2 0.158305 0.444871 0.396824
2 0.14657 0.468168 0.385262
2 0.19175 0.433991 0.374259
1 0.180053 0.324671 0.495276
2 0.195301 0.412501 0.392198
2 0.237816 0.444251 0.317933
2 0.204122 0.477402 0.318476
2 0.246097 0.43359 0.320313
2 0.22087 0.391018 0.388112
2 0.301035 0.361386 0.337579
4 0.393119 0.312568 0.294313
2 0.374947 0.432167 0.192886
2 0.358413 0.491622 0.149964
2 0.381816 0.507565 0.110619
2 0.244273 0.624992 0.130734
2 0.224153 0.657165 0.118682
2 0.123922 0.622024 0.254054
2 0.151915 0.591456 0.256629
2 0.212539 0.549859 0.237602
2 0.370606 0.452852 0.176542
4 0.44168 0.41252 0.1458
4 0.536833 0.362824 0.100343
4 0.580864 0.325465 0.0936718
4 0.556761 0.301955 0.141284
4 0.515182 0.336089 0.148729
2 0.357687 0.431009 0.211304
2 0.363839 0.401335 0.234826
2 0.315554 0.455678 0.228768
2 0.265431 0.498615 0.235953
2 0.332909 0.448121 0.21897
4 0.413555 0.385709 0.200737
4 0.429186 0.391155 0.179659
4 0.435695 0.405233 0.159072
4 0.458282 0.424197 0.11752
4 0.449109 0.425862 0.125028
2 0.342579 0.50273 0.154692
2 0.348647 0.551864 0.0994884
2 0.380214 0.506577 0.113208
2 0.438316 0.444546 0.117138
2 0.390085 0.43273 0.177185
2 0.27846 0.391774 0.329766
2 0.213062 0.394553 0.392385
1 0.189876 0.375484 0.43464
1 0.167428 0.350867 0.481705
1 0.230427 0.378266 0.391307
1 0.221414 0.323646 0.45494
4 0.368951 0.350443 0.280606
4 0.515807 0.29158 0.192613
4 0.617978 0.154729 0.227293
