labels 4 2 1
4 0.600797 0.217019 0.182184
2 0.433265 0.455623 0.111113
2 0.207933 0.617436 0.174631
2 0.0907027 0.848773 0.0605245
2 0.12213 0.844737 0.033133
2 0.22039 0.740918 0.0386912
2 0.134041 0.836549 0.0294095
2 0.0969511 0.868607 0.0344416
2 0.136755 0.829742 0.0335031
2 0.0711562 0.890738 0.0381063
2 0.0542067 0.914928 0.030865
2 0.0459751 0.900777 0.0532481
2 0.0638052 0.854412 0.081783
2 0.0973704 0.763744 0.138885
2 0.14221 0.705173 0.152617
2 0.180577 0.617376 0.202046
2 0.183223 0.554489 0.262288
2 0.127349 0.611719 0.260933
2 0.0692345 0.8037 0.127065
2 0.130084 0.727255 0.142661
2 0.220626 0.597764 0.18161
2 0.207267 0.596938 0.195795
2 0.114672 0.776659 0.108669
2 0.128069 0.803554 0.0683767
2 0.123412 0.809133 0.0674554
2 0.0945637 0.798495 0.106942
2 0.150011 0.723532 0.126457
2 0.189782 0.686146 0.124071
2 0.273042 0.59065 0.136308
2 0.318833 0.541055 0.140112
2 0.263905 0.633774 0.102321
2 0.291121 0.639402 0.0694772
2 0.243553 0.712689 0.0437583
2 0.183596 0.786564 0.0298407
2 0.269573 0.70533 0.0250969
2 0.267865 0.705112 0.0270232
2 0.221125 0.767907 0.0109677
2 0.332455 0.660512 0.00703367
2 0.227584 0.765884 0.00653214
2 0.272263 0.721467 0.0062702
2 0.305885 0.684609 0.00950588
2 0.263714 0.728323 0.00796304
2 0.236654 0.751116 0.0122309
2 0.193256 0.794094 0.0126499
2 0.185372 0.798061 0.0165671
2 0.325049 0.654291 0.02066
2 0.302292 0.671392 0.0263159
2 0.25869 0.710489 0.0308219
2 0.233897 0.740602 0.0255013
2 0.221139 0.764006 0.0148541
2 0.102148 0.884408 0.0134439
2 0.0466175 0.945868 0.00751424
2 0.0275334 0.963996 0.0084709
2 0.0405205 0.945721 0.0137589
2 0.0388185 0.940318 0.0208635
2 0.0144793 0.973283 0.0122381
2 0.0264664 0.965797 0.00773617
2 0.101724 0.890916 0.00735936
2 0.139836 0.854599 0.00556481
2 0.267685 0.719682 0.0126324
