labels 4 2 1
4 0.473066 0.270636 0.256298
2 0.226752 0.564802 0.208446
2 0.253743 0.4971 0.249157
2 0.226476 0.523968 0.249556
2 0.178089 0.516253 0.305658
2 0.186192 0.562697 0.251111
2 0.248121 0.559702 0.192176
2 0.30889 0.590999 0.10011
2 0.371526 0.574536 0.053938
2 0.351664 0.624885 0.0234515
2 0.306432 0.682919 0.0106499
2 0.21437 0.781479 0.00415084
2 0.0994525 0.898275 0.00227245
2 0.0579374 0.940304 0.0017585
2 0.0449367 0.952812 0.00225138
2 0.0284992 0.967711 0.00378939
2 0.0325723 0.960773 0.00665451
2 0.0228677 0.970969 0.00616316
2 0.0462116 0.948452 0.00533605
2 0.0661103 0.925361 0.00852917
2 0.0765099 0.919837 0.00365297
2 0.098946 0.892439 0.00861514
2 0.100941 0.883417 0.0156422
2 0.0941002 0.885731 0.0201687
2 0.128631 0.840075 0.0312939
2 0.0838095 0.892349 0.0238411
2 0.0451159 0.944389 0.0104948
2 0.0372552 0.946404 0.0163403
2 0.0279958 0.949507 0.022497
2 0.0472967 0.889245 0.0634585
2 0.0513654 0.858654 0.0899801
2 0.0421811 0.903405 0.0544135
2 0.0599051 0.901344 0.0387508
2 0.0296263 0.950606 0.019768
2 0.025481 0.959556 0.0149626
2 0.0373757 0.939897 0.022727
2 0.0245747 0.956969 0.018456
2 0.0311358 0.946707 0.0221572
2 0.0470376 0.936812 0.0161509
2 0.0754454 0.91082 0.013735
2 0.0691407 0.923004 0.00785531
2 0.101136 0.885156 0.0137085
2 0.103643 0.87867 0.017687
2 0.188105 0.793156 0.0187391
2 0.169049 0.805663 0.0252874
2 0.16947 0.802508 0.0280224
2 0.214768 0.742967 0.0422657
2 0.309099 0.662478 0.0284235
2 0.260946 0.71519 0.0238643
2 0.374572 0.599533 0.0258953
2 0.365511 0.576664 0.0578251
2 0.341772 0.591353 0.0668748
2 0.207854 0.716199 0.075947
2 0.101232 0.86561 0.0331576
2 0.0785327 0.885684 0.0357831
2 0.0944063 0.862105 0.0434884
2 0.0892576 0.869757 0.0409853
2 0.19989 0.736708 0.0634012
2 0.274346 0.638164 0.0874898
4 0.506674 0.406805 0.0865209
