labels 4 2 1
4 0.582623 0.370981 0.0463966
2 0.246629 0.723537 0.0298341
2 0.174072 0.785989 0.0399394
2 0.159015 0.788325 0.0526598
2 0.21128 0.720617 0.0681027
2 0.228655 0.686806 0.0845396
2 0.273473 0.627874 0.0986529
2 0.381 0.505497 0.113503
4 0.483266 0.423739 0.092995
4 0.459442 0.450013 0.0905454
4 0.496121 0.455891 0.047988
2 0.461958 0.475877 0.0621651
4 0.521425 0.402449 0.0761263
4 0.518232 0.384201 0.0975679
2 0.357378 0.495553 0.147069
2 0.246701 0.598526 0.154772
2 0.19442 0.626424 0.179156
2 0.182371 0.615152 0.202477
2 0.249531 0.50415 0.24632
2 0.300694 0.444156 0.25515
2 0.335758 0.382994 0.281248
4 0.373483 0.348288 0.278229
2 0.375073 0.451311 0.173616
2 0.339066 0.495696 0.165238
2 0.430113 0.433278 0.136609
2 0.328185 0.495243 0.176572
2 0.28792 0.5039 0.20818
2 0.121473 0.76316 0.115367
2 0.150736 0.778365 0.0708981
2 0.129401 0.820836 0.0497632
2 0.11187 0.855678 0.0324524
2 0.103992 0.86468 0.0313274
2 0.114889 0.861728 0.0233829
2 0.147631 0.813121 0.0392486
2 0.29003 0.661973 0.0479967
2 0.233778 0.691354 0.0748682
2 0.08639 0.851777 0.0618335
2 0.0602782 0.905195 0.0345268
2 0.0659681 0.903662 0.0303697
2 0.0314721 0.947039 0.0214889
2 0.0260796 0.923977 0.0499432
2 0.053905 0.85644 0.0896548
2 0.0919069 0.788167 0.119926
2 0.180162 0.69955 0.120289
2 0.175682 0.708897 0.115421
2 0.219292 0.643134 0.137574
2 0.325662 0.467795 0.206543
2 0.220068 0.583371 0.196562
2 0.149314 0.719919 0.130767
2 0.125521 0.795656 0.0788229
2 0.0728304 0.847957 0.0792129
2 0.0771933 0.877039 0.0457678
2 0.0480295 0.906739 0.0452317
2 0.0350908 0.935668 0.0292414
2 0.0709462 0.885339 0.0437146
2 0.0476104 0.863381 0.0890084
2 0.041358 0.881518 0.0771238
2 0.0385135 0.884825 0.076661
2 0.0486636 0.882343 0.0689931
2 0.259303 0.608522 0.132175
