labels 4 2 1
2 0.366575 0.484059 0.149366
2 0.243908 0.678687 0.0774047
2 0.36544 0.577845 0.0567146
2 0.41494 0.536744 0.0483166
2 0.366056 0.602727 0.0312169
2 0.258537 0.72341 0.0180532
2 0.231282 0.757017 0.0117008
2 0.172341 0.823516 0.0041432
2 0.133512 0.862342 0.00414566
2 0.082592 0.915279 0.00212882
2 0.0521067 0.945907 0.0019866
2 0.0451929 0.953412 0.00139548
2 0.0282739 0.970949 0.000776824
2 0.0448216 0.95444 0.000738128
2 0.0980282 0.900966 0.00100566
2 0.11372 0.885281 0.000999806
2 0.096161 0.903224 0.000614919
2 0.0855337 0.913893 0.000573249
2 0.0764393 0.922998 0.000563087
2 0.0709326 0.928481 0.000586505
2 0.0568681 0.942278 0.000854052
2 0.0655362 0.9337 0.000764274
2 0.0463804 0.952723 0.00089707
2 0.0341756 0.965221 0.000603622
2 0.067134 0.932159 0.00070664
2 0.17613 0.821595 0.00227478
2 0.188455 0.809332 0.00221346
2 0.161257 0.835417 0.00332566
2 0.180202 0.817105 0.0026923
2 0.108679 0.889543 0.0017772
2 0.101459 0.89653 0.00201149
2 0.0901397 0.907726 0.00213471
2 0.168016 0.826903 0.0050807
2 0.222718 0.77271 0.00457188
2 0.198258 0.798281 0.00346081
2 0.220509 0.777038 0.00245277
2 0.237559 0.760148 0.00229353
2 0.23712 0.758907 0.00397257
2 0.260316 0.735248 0.00443659
2 0.244211 0.749847 0.00594213
2 0.164321 0.830184 0.00549563
2 0.119254 0.874344 0.0064015
2 0.0519567 0.945272 0.00277178
2 0.0723695 0.925495 0.00213564
2 0.129872 0.866051 0.00407654
2 0.0960017 0.9019 0.00209816
2 0.0771059 0.921282 0.00161194
2 0.0779117 0.920839 0.00124895
2 0.100795 0.897778 0.00142697
2 0.184639 0.813655 0.00170608
2 0.147937 0.850304 0.00175856
2 0.148811 0.84979 0.00139976
2 0.143272 0.855268 0.00146017
2 0.105201 0.893712 0.001087
2 0.165327 0.833289 0.00138357
2 0.250172 0.746279 0.00354893
2 0.256615 0.733735 0.00965023
2 0.289033 0.69988 0.0110871
2 0.345287 0.644663 0.01005
2 0.412536 0.575728 0.0117364
