labels 4 2 1
4 0.621863 0.357554 0.0205833
2 0.400564 0.585919 0.0135177
2 0.419394 0.563247 0.0173591
2 0.231967 0.745986 0.0220475
2 0.125247 0.855608 0.0191444
2 0.0757302 0.904553 0.0197163
2 0.1133 0.857682 0.0290188
2 0.142767 0.812848 0.0443848
2 0.177227 0.770562 0.0522105
2 0.169883 0.759653 0.0704634
2 0.152268 0.791288 0.0564442
2 0.122915 0.790721 0.086364
2 0.106078 0.812328 0.0815944
2 0.116065 0.764723 0.119213
2 0.191118 0.612473 0.196409
2 0.178956 0.652725 0.16832
2 0.240345 0.587692 0.171963
2 0.304439 0.48628 0.20928
2 0.248759 0.515356 0.235885
2 0.245745 0.576358 0.177897
2 0.225249 0.549749 0.225002
2 0.194675 0.646708 0.158617
2 0.185028 0.696074 0.118898
2 0.176297 0.723145 0.100558
2 0.149478 0.751406 0.0991168
2 0.101551 0.794199 0.10425
2 0.0796258 0.825285 0.0950892
2 0.0981359 0.774136 0.127728
2 0.200576 0.728914 0.0705107
2 0.290499 0.666586 0.0429154
2 0.270829 0.71322 0.0159518
2 0.224449 0.75906 0.0164906
2 0.10318 0.883718 0.0131023
2 0.0521626 0.931523 0.0163141
2 0.0464009 0.926006 0.0275927
2 0.0643912 0.876391 0.0592183
2 0.105423 0.812607 0.0819702
2 0.0682229 0.874383 0.0573943
2 0.0496076 0.86283 0.0875628
2 0.101185 0.734602 0.164213
2 0.114833 0.555878 0.329289
2 0.0985662 0.468428 0.433006
2 0.0910133 0.517666 0.391321
2 0.113488 0.529439 0.357074
2 0.10639 0.668313 0.225298
2 0.0867844 0.767621 0.145595
2 0.0465272 0.878252 0.0752205
2 0.0966612 0.721207 0.182131
2 0.218371 0.612715 0.168914
2 0.235428 0.61744 0.147132
2 0.182086 0.68122 0.136694
2 0.171949 0.686095 0.141956
2 0.141581 0.766145 0.0922743
2 0.113403 0.79927 0.0873269
2 0.0967239 0.851311 0.051965
2 0.147513 0.790903 0.0615833
2 0.233157 0.716106 0.0507375
2 0.363917 0.588131 0.0479514
4 0.578264 0.383114 0.0386215
4 0.725559 0.223503 0.0509378
