labels 4 2 1
4 0.911358 0.0836206 0.00502132
4 0.92278 0.074113 0.00310663
4 0.960718 0.0319576 0.00732445
4 0.933496 0.0296562 0.0368475
4 0.891722 0.0434672 0.0648108
4 0.689324 0.143577 0.167099
4 0.397906 0.353764 0.248329
2 0.249454 0.541023 0.209522
2 0.216005 0.476251 0.307744
4 0.400864 0.238961 0.360175
4 0.547532 0.0873758 0.365092
4 0.568497 0.0215474 0.409955
1 0.474579 0.0143612 0.511059
4 0.522919 0.0174612 0.45962
4 0.592614 0.0176422 0.389744
4 0.52687 0.0162073 0.456923
1 0.337567 0.0308223 0.631611
1 0.225067 0.0533303 0.721602
1 0.21121 0.0700482 0.718742
1 0.22772 0.0514435 0.720837
1 0.119924 0.0230659 0.85701
1 0.115255 0.016453 0.868292
1 0.191795 0.0140351 0.79417
1 0.155092 0.0125109 0.832397
1 0.134185 0.0140506 0.851764
1 0.155308 0.0165042 0.828188
1 0.254922 0.0224674 0.722611
1 0.237968 0.0226981 0.739334
1 0.257054 0.0164592 0.726486
1 0.0616732 0.0131178 0.925209
1 0.0588406 0.0158178 0.925342
1 0.0776504 0.0215704 0.900779
1 0.102798 0.0303289 0.866873
1 0.31376 0.0696267 0.616613
1 0.441354 0.0957209 0.462925
1 0.408212 0.107315 0.484473
4 0.546311 0.117554 0.336135
4 0.532766 0.200516 0.266718
4 0.477916 0.247895 0.274189
4 0.436382 0.246405 0.317212
4 0.516829 0.196154 0.287017
4 0.547312 0.194264 0.258424
4 0.380442 0.307031 0.312527
2 0.363494 0.368188 0.268318
4 0.410843 0.396574 0.192583
4 0.440254 0.321704 0.238042
4 0.466061 0.311652 0.222288
4 0.62076 0.214755 0.164486
4 0.674533 0.233598 0.0918692
4 0.603749 0.320525 0.0757265
4 0.49665 0.247655 0.255695
1 0.293042 0.246952 0.460006
1 0.266395 0.126808 0.606797
1 0.323366 0.0849075 0.591726
1 0.33559 0.0598734 0.604537
1 0.40144 0.0440354 0.554524
1 0.306353 0.0787989 0.614848
1 0.455221 0.062825 0.481954
4 0.716826 0.0553849 0.227789
4 0.695664 0.0446875 0.259649
