labels 4 2 1
2 0.254639 0.570739 0.174622
2 0.0749061 0.838503 0.0865912
2 0.0285068 0.94959 0.0219035
2 0.0126065 0.977426 0.00996726
2 0.0346792 0.952538 0.0127823
2 0.0927215 0.891086 0.0161924
2 0.151552 0.825942 0.022506
2 0.157152 0.833519 0.00932943
2 0.194568 0.796037 0.0093952
2 0.167305 0.813157 0.0195385
2 0.0772314 0.9102 0.0125691
2 0.0847839 0.900795 0.0144212
2 0.118621 0.858495 0.0228847
2 0.0356444 0.952 0.0123556
2 0.0726067 0.909064 0.018329
2 0.164419 0.804716 0.0308652
2 0.194257 0.790726 0.0150172
2 0.109864 0.877565 0.0125708
2 0.0432139 0.951522 0.00526413
2 0.0261853 0.970281 0.00353417
2 0.0367543 0.955279 0.00796653
2 0.0234202 0.970373 0.00620718
2 0.0640883 0.922715 0.0131969
2 0.202776 0.784258 0.012966
2 0.144105 0.849738 0.00615625
2 0.110774 0.880245 0.00898052
2 0.0759637 0.91255 0.0114862
2 0.0435713 0.946634 0.00979475
2 0.0211148 0.969583 0.00930249
2 0.0220715 0.969722 0.00820667
2 0.0184965 0.969743 0.0117607
2 0.054408 0.926485 0.0191065
2 0.0644282 0.917277 0.0182949
2 0.0613264 0.924347 0.0143262
2 0.0693276 0.90693 0.023742
2 0.0617574 0.917096 0.0211463
2 0.0181517 0.96995 0.0118985
2 0.00368979 0.991112 0.00519846
2 0.00267207 0.992851 0.00447713
2 0.0180218 0.962855 0.0191232
2 0.0665872 0.846604 0.086809
2 0.06944 0.861762 0.0687982
2 0.0508812 0.911154 0.0379648
2 0.0131121 0.97203 0.0148581
2 0.0149345 0.973721 0.0113442
2 0.0507442 0.918154 0.0311019
2 0.0563017 0.9239 0.0197984
2 0.0869785 0.896844 0.0161774
2 0.246517 0.73392 0.0195635
2 0.367087 0.612636 0.0202773
4 0.501128 0.46559 0.0332824
2 0.381983 0.583441 0.0345762
2 0.235063 0.738223 0.0267138
2 0.199189 0.777955 0.0228562
2 0.0862279 0.89319 0.0205818
2 0.0341811 0.957015 0.00880374
2 0.0513768 0.937935 0.010688
2 0.0612349 0.919518 0.0192474
2 0.101643 0.864189 0.0341682
2 0.145723 0.785031 0.0692456
