labels 4 2 1
4 0.604217 0.378057 0.0177255
2 0.378785 0.606447 0.0147685
2 0.314597 0.658813 0.0265897
2 0.186357 0.798932 0.0147111
2 0.17393 0.806517 0.0195533
2 0.111371 0.875422 0.0132068
2 0.0637601 0.93013 0.00611006
2 0.0639764 0.927326 0.00869787
2 0.110945 0.87739 0.0116646
2 0.0773147 0.916145 0.00654076
2 0.105718 0.884728 0.00955348
2 0.0861032 0.908459 0.00543778
2 0.109598 0.885404 0.00499804
2 0.0671923 0.927732 0.00507603
2 0.0502949 0.942577 0.00712774
2 0.16252 0.817803 0.0196771
2 0.242242 0.731839 0.0259191
2 0.148766 0.840554 0.0106797
2 0.143995 0.851915 0.00408997
2 0.153153 0.844146 0.00270065
2 0.160277 0.836242 0.00348156
2 0.119029 0.87299 0.00798076
2 0.101798 0.891471 0.00673021
2 0.0578772 0.938138 0.00398461
2 0.0398826 0.957785 0.00233278
2 0.0142361 0.984812 0.000951889
2 0.0249927 0.973617 0.00139009
2 0.0757177 0.921465 0.00281716
2 0.106169 0.891804 0.00202728
2 0.0883266 0.909648 0.00202497
2 0.0667807 0.931809 0.00141059
2 0.0685765 0.930275 0.00114855
2 0.169126 0.828719 0.00215485
2 0.121907 0.875998 0.00209554
2 0.11012 0.887179 0.00270111
2 0.164184 0.831059 0.00475777
2 0.121696 0.871792 0.00651228
2 0.140508 0.845155 0.0143368
2 0.101685 0.883096 0.0152193
2 0.128683 0.852606 0.0187108
2 0.0779779 0.91033 0.0116924
2 0.0278421 0.96534 0.00681833
2 0.0189083 0.974798 0.00629377
2 0.0341853 0.95367 0.0121451
2 0.078191 0.902898 0.0189106
2 0.0674562 0.91309 0.0194533
2 0.0904711 0.894474 0.0150545
2 0.128582 0.863202 0.00821617
2 0.128493 0.866158 0.00534952
2 0.214267 0.780178 0.00555436
2 0.282815 0.705246 0.0119386
2 0.257307 0.727499 0.0151936
2 0.284083 0.701719 0.0141977
2 0.150086 0.840366 0.00954771
2 0.194876 0.795273 0.00985159
2 0.207377 0.785958 0.00666484
2 0.26263 0.730024 0.00734559
2 0.366955 0.62209 0.0109547
2 0.319286 0.670926 0.00978826
2 0.358888 0.625611 0.0155014
