Secondary Structure Prediction Output by cSVM (Part of BalancedSSP)
TARGET: P38398-1, Length: 60

SR#  AA  cSVM  pBeta  pCoil  pHelix
1    M   C     0.337  0.350  0.313
2    D   H     0.333  0.317  0.350
3    L   H     0.329  0.285  0.386
4    S   H     0.326  0.290  0.384
5    A   H     0.327  0.283  0.389
6    L   H     0.334  0.299  0.367
7    R   E     0.348  0.309  0.343
8    V   E     0.349  0.312  0.339
9    E   E     0.346  0.329  0.325
10   E   C     0.344  0.347  0.309
11   V   C     0.335  0.372  0.293
12   Q   C     0.335  0.382  0.283
13   N   C     0.343  0.381  0.276
14   V   C     0.359  0.366  0.274
15   I   C     0.359  0.369  0.273
16   N   C     0.344  0.378  0.278
17   A   C     0.345  0.381  0.274
18   M   C     0.343  0.390  0.267
19   Q   C     0.329  0.405  0.266
20   K   C     0.332  0.404  0.264
21   I   C     0.343  0.397  0.260
22   L   C     0.340  0.391  0.270
23   E   C     0.347  0.379  0.274
24   C   C     0.352  0.375  0.273
25   P   C     0.360  0.367  0.273
26   I   E     0.391  0.339  0.270
27   C   E     0.385  0.348  0.267
28   L   E     0.373  0.355  0.271
29   E   C     0.361  0.369  0.269
30   L   C     0.361  0.369  0.270
31   I   C     0.354  0.376  0.271
32   K   C     0.354  0.383  0.264
33   E   C     0.357  0.385  0.259
34   P   C     0.353  0.382  0.265
35   V   C     0.360  0.370  0.270
36   S   C     0.357  0.378  0.265
37   T   C     0.367  0.373  0.260
38   K   C     0.351  0.376  0.273
39   C   C     0.338  0.378  0.284
40   D   C     0.341  0.386  0.273
41   H   C     0.357  0.377  0.267
42   I   C     0.362  0.365  0.273
43   F   E     0.373  0.346  0.281
44   C   E     0.368  0.352  0.280
45   K   C     0.347  0.380  0.273
46   F   C     0.352  0.369  0.279
47   C   C     0.344  0.368  0.288
48   M   C     0.348  0.370  0.282
49   L   C     0.345  0.385  0.270
50   K   C     0.339  0.397  0.265
51   L   C     0.339  0.394  0.267
52   L   C     0.326  0.405  0.269
53   N   C     0.315  0.417  0.269
54   Q   C     0.323  0.408  0.269
55   K   C     0.326  0.406  0.268
56   K   C     0.338  0.400  0.262
57   G   C     0.333  0.401  0.266
58   P   C     0.333  0.398  0.269
59   S   C     0.338  0.396  0.266
60   Q   C     0.325  0.409  0.265
