labels 4 2 1
2 0.279457 0.632679 0.0878645
2 0.127922 0.819186 0.0528917
2 0.0746872 0.824871 0.100442
2 0.0561714 0.840685 0.103143
2 0.0484985 0.732507 0.218995
2 0.0836001 0.742159 0.174241
2 0.0784259 0.760828 0.160746
2 0.140877 0.699809 0.159314
2 0.164381 0.694882 0.140737
2 0.146326 0.770837 0.0828366
2 0.179884 0.757452 0.0626644
2 0.126585 0.813776 0.0596384
2 0.0698456 0.873386 0.0567681
2 0.048534 0.894097 0.0573692
2 0.0562093 0.914609 0.029182
2 0.0420895 0.92769 0.0302208
2 0.0509681 0.912268 0.036764
2 0.0657758 0.890978 0.0432463
2 0.0898844 0.880513 0.0296023
2 0.0968416 0.871996 0.0311626
2 0.0935195 0.873553 0.0329272
2 0.0809571 0.887222 0.0318212
2 0.0753711 0.90065 0.0239786
2 0.0463804 0.944981 0.00863836
2 0.0381348 0.955837 0.00602785
2 0.0222154 0.971195 0.00658924
2 0.0317325 0.962367 0.00590093
2 0.0461947 0.945839 0.00796631
2 0.0274485 0.960297 0.0122541
2 0.0152041 0.976068 0.00872775
2 0.0092919 0.983755 0.006953
2 0.00545356 0.988865 0.00568104
2 0.00682304 0.98366 0.00951704
2 0.0248422 0.947337 0.0278205
2 0.0845931 0.824955 0.0904522
2 0.0825202 0.803048 0.114432
2 0.057558 0.754848 0.187594
2 0.0354047 0.789733 0.174862
2 0.0398455 0.79143 0.168725
2 0.0808365 0.665426 0.253738
2 0.118881 0.556519 0.3246
2 0.252123 0.482058 0.265819
2 0.275118 0.441796 0.283085
2 0.201707 0.54399 0.254302
2 0.210317 0.53296 0.256724
2 0.159315 0.584513 0.256172
2 0.21108 0.599108 0.189812
2 0.211828 0.615374 0.172797
2 0.225667 0.654251 0.120081
2 0.208785 0.693723 0.0974918
2 0.228126 0.697591 0.0742833
2 0.198392 0.745605 0.0560033
2 0.149609 0.778859 0.0715326
2 0.141049 0.7496 0.109351
2 0.244045 0.649778 0.106177
2 0.2537 0.653002 0.0932976
2 0.291123 0.655282 0.0535956
2 0.38608 0.5674 0.0465205
4 0.524243 0.435727 0.0400305
4 0.717356 0.219347 0.0632969
