labels 4 2 1
4 0.585508 0.352349 0.0621435
2 0.410411 0.53288 0.0567094
2 0.377065 0.559297 0.0636378
2 0.207516 0.743662 0.0488221
2 0.112275 0.81766 0.070065
2 0.0523011 0.89988 0.0478188
2 0.0327402 0.897455 0.0698045
2 0.0219454 0.94491 0.0331442
2 0.0154028 0.966384 0.0182134
2 0.010067 0.973725 0.0162083
2 0.0430357 0.904113 0.0528512
2 0.0865137 0.855458 0.0580288
2 0.0406794 0.897262 0.0620582
2 0.048975 0.871384 0.0796411
2 0.122556 0.795255 0.0821894
2 0.256488 0.661249 0.0822639
2 0.271435 0.692264 0.0363005
2 0.254591 0.727752 0.0176562
2 0.225665 0.762259 0.0120761
2 0.181057 0.804088 0.0148556
2 0.0909021 0.898339 0.0107594
2 0.0646183 0.929376 0.00600589
2 0.0307424 0.966202 0.00305578
2 0.0149756 0.982986 0.00203821
2 0.0140237 0.982952 0.00302429
2 0.0178535 0.979703 0.00244389
2 0.0231044 0.973137 0.00375879
2 0.0235327 0.971094 0.0053728
2 0.0502725 0.937368 0.0123593
2 0.0716198 0.913385 0.0149949
2 0.094422 0.896802 0.00877599
2 0.127039 0.865006 0.0079552
2 0.0700156 0.920603 0.00938093
2 0.0708018 0.919576 0.00962265
2 0.114954 0.868061 0.0169853
2 0.131377 0.853775 0.0148472
2 0.188967 0.79029 0.0207432
2 0.168712 0.812481 0.0188075
2 0.233927 0.735279 0.0307944
2 0.107203 0.866829 0.0259682
2 0.0529102 0.938355 0.00873476
2 0.0320204 0.96051 0.00746953
2 0.0452212 0.951182 0.00359631
2 0.0692113 0.920795 0.00999321
2 0.06501 0.919914 0.0150755
2 0.0326271 0.947269 0.0201042
2 0.0477929 0.931924 0.0202833
2 0.0414965 0.946274 0.0122298
2 0.106735 0.879574 0.0136908
2 0.271889 0.705468 0.0226429
2 0.322547 0.646876 0.0305768
2 0.311743 0.65322 0.0350375
2 0.211275 0.721507 0.0672179
2 0.070794 0.890409 0.0387975
2 0.0263561 0.952921 0.0207233
2 0.00681406 0.988415 0.00477078
2 0.00732607 0.989292 0.00338174
2 0.0149545 0.976268 0.00877726
2 0.0537661 0.925605 0.0206287
2 0.269338 0.665202 0.0654602
