labels 4 2 1
4 0.448731 0.362787 0.188482
2 0.146646 0.741745 0.111608
2 0.0499401 0.882756 0.0673041
2 0.0426993 0.890622 0.0666783
2 0.0891878 0.820502 0.09031
2 0.185804 0.69204 0.122155
2 0.15915 0.690933 0.149917
2 0.146174 0.761192 0.0926332
2 0.163342 0.735861 0.100796
2 0.150864 0.74234 0.106796
2 0.143172 0.75532 0.101507
2 0.231595 0.673968 0.0944366
2 0.337421 0.600313 0.0622664
2 0.354561 0.582011 0.0634277
2 0.322704 0.610652 0.0666441
2 0.23813 0.712072 0.0497979
2 0.364498 0.583982 0.0515205
4 0.482277 0.456396 0.0613269
4 0.515998 0.43905 0.0449516
2 0.462552 0.467983 0.069465
2 0.2691 0.677315 0.0535846
2 0.219208 0.72434 0.0564522
2 0.264454 0.654257 0.081289
2 0.295453 0.621564 0.0829832
2 0.260941 0.607775 0.131284
2 0.159146 0.745891 0.0949626
2 0.107172 0.83565 0.0571782
2 0.0921427 0.881906 0.0259512
2 0.123668 0.851791 0.0245406
2 0.240045 0.718219 0.0417363
2 0.311688 0.609244 0.0790681
2 0.267407 0.692283 0.0403103
2 0.176262 0.776243 0.0474957
2 0.127064 0.836085 0.0368514
2 0.172435 0.779312 0.0482534
2 0.256508 0.695128 0.048364
2 0.210585 0.707155 0.0822601
2 0.123736 0.803057 0.0732064
2 0.0904102 0.846778 0.0628121
2 0.210468 0.697846 0.0916859
2 0.258519 0.636445 0.105037
2 0.18143 0.739752 0.0788178
2 0.194234 0.766104 0.0396628
2 0.106524 0.854474 0.0390026
2 0.105486 0.860868 0.0336468
2 0.0858402 0.880709 0.0334504
2 0.0313238 0.955002 0.0136738
2 0.0107212 0.983274 0.00600476
2 0.0152939 0.975825 0.0088811
2 0.0131366 0.976711 0.0101523
2 0.0168204 0.969234 0.0139455
2 0.0254281 0.957989 0.0165827
2 0.0148587 0.975371 0.00977038
2 0.00900662 0.985965 0.00502841
2 0.00508001 0.991465 0.00345522
2 0.0159219 0.976585 0.00749315
2 0.0754183 0.894426 0.0301558
2 0.193712 0.771148 0.0351401
2 0.44934 0.504475 0.0461855
4 0.683424 0.284315 0.0322611
