labels 4 2 1
4 0.510774 0.233827 0.255398
2 0.244841 0.633151 0.122008
2 0.10317 0.782305 0.114525
2 0.0282584 0.874428 0.097314
2 0.0299788 0.889249 0.080772
2 0.0262547 0.935635 0.0381108
2 0.0171207 0.964589 0.0182907
2 0.0222212 0.954974 0.0228044
2 0.0458105 0.889645 0.064545
2 0.0506007 0.825515 0.123885
2 0.060671 0.781381 0.157948
2 0.0332824 0.786582 0.180136
2 0.0411741 0.862391 0.0964346
2 0.0859826 0.816747 0.0972707
2 0.117966 0.741889 0.140145
2 0.0993104 0.751169 0.149521
2 0.0945257 0.808071 0.0974029
2 0.05885 0.838983 0.102167
2 0.0373807 0.894421 0.0681987
2 0.036084 0.871824 0.0920919
2 0.0545056 0.867838 0.0776563
2 0.0623455 0.884474 0.0531806
2 0.0427542 0.906662 0.0505842
2 0.060927 0.882975 0.0560977
2 0.0574587 0.893821 0.0487207
2 0.0335971 0.916987 0.049416
2 0.0246867 0.877716 0.0975976
2 0.0313709 0.794875 0.173754
2 0.0221682 0.7992 0.178632
2 0.010441 0.874232 0.115327
2 0.0101332 0.911602 0.0782644
2 0.00856143 0.912546 0.078893
2 0.00840777 0.917128 0.0744643
2 0.0237581 0.797923 0.178319
2 0.0406161 0.832938 0.126446
2 0.0766781 0.799259 0.124062
2 0.102489 0.790449 0.107063
2 0.164973 0.780754 0.0542725
2 0.143691 0.804839 0.0514703
2 0.218002 0.742536 0.039462
2 0.163312 0.80381 0.0328786
2 0.0518159 0.924574 0.0236106
2 0.0254305 0.95165 0.0229199
2 0.0265714 0.949433 0.023996
2 0.0272345 0.947388 0.0253776
2 0.0328357 0.912303 0.0548618
2 0.0774249 0.839664 0.0829115
2 0.143091 0.705963 0.150947
2 0.138417 0.794371 0.0672113
2 0.0924856 0.86948 0.0380344
2 0.0445905 0.902081 0.0533289
2 0.0398732 0.915227 0.0448997
2 0.0218249 0.948108 0.0300671
2 0.0060189 0.962472 0.0315093
2 0.00297085 0.943696 0.0533328
2 0.00693792 0.844878 0.148185
2 0.0203418 0.764442 0.215216
2 0.087622 0.754667 0.157711
2 0.308606 0.523475 0.167919
4 0.623371 0.232585 0.144044
