labels 4 2 1
4 0.701316 0.150805 0.147878
4 0.560083 0.294415 0.145503
2 0.389129 0.462338 0.148532
2 0.212725 0.562993 0.224283
2 0.192409 0.605786 0.201805
2 0.195632 0.636423 0.167945
2 0.157419 0.749537 0.0930433
2 0.0863976 0.862638 0.0509644
2 0.164621 0.784329 0.0510502
2 0.146372 0.790214 0.0634144
2 0.0976219 0.812388 0.0899901
2 0.164319 0.700014 0.135666
2 0.22349 0.540728 0.235781
2 0.224819 0.543252 0.231929
2 0.0940133 0.744473 0.161513
2 0.0942939 0.765877 0.139829
2 0.124238 0.705973 0.169788
2 0.20906 0.629967 0.160973
2 0.203278 0.66898 0.127742
2 0.151805 0.787662 0.0605331
2 0.115221 0.847416 0.0373627
2 0.0787208 0.890945 0.0303338
2 0.156241 0.811449 0.0323096
2 0.425567 0.531928 0.0425045
2 0.449134 0.509631 0.0412355
2 0.34176 0.614844 0.0433957
2 0.152014 0.823838 0.0241481
2 0.0734222 0.913857 0.0127208
2 0.133019 0.853999 0.012982
2 0.116857 0.859052 0.0240914
2 0.103753 0.868769 0.0274776
2 0.0788748 0.880776 0.0403489
2 0.0922337 0.815549 0.092217
2 0.0718815 0.806961 0.121157
2 0.0719891 0.820334 0.107677
2 0.104787 0.80523 0.0899826
2 0.178991 0.689228 0.131781
2 0.169249 0.622921 0.20783
2 0.17787 0.667179 0.154951
2 0.250893 0.6584 0.0907075
2 0.26648 0.677413 0.0561073
2 0.221567 0.720914 0.0575188
2 0.205387 0.724849 0.0697646
2 0.228319 0.686052 0.085629
2 0.257979 0.674926 0.0670942
2 0.309658 0.647617 0.0427257
2 0.198136 0.771516 0.0303484
2 0.138784 0.831915 0.0293008
2 0.160865 0.806885 0.0322502
2 0.218374 0.748918 0.0327079
2 0.27547 0.685758 0.0387719
2 0.189101 0.775837 0.0350617
2 0.124031 0.853949 0.02202
2 0.11766 0.853059 0.029281
2 0.109558 0.849682 0.0407601
2 0.0864681 0.875017 0.0385154
2 0.0533286 0.920324 0.0263475
2 0.0437001 0.936567 0.0197333
2 0.145864 0.836777 0.0173596
2 0.388997 0.557391 0.0536113
