labels 4 2 1
4 0.877925 0.0976757 0.024399
4 0.813755 0.149584 0.0366609
4 0.747684 0.19823 0.054086
4 0.692887 0.233134 0.0739792
4 0.667273 0.292547 0.0401802
4 0.603561 0.36781 0.0286282
4 0.647196 0.331853 0.0209505
4 0.557406 0.414537 0.0280564
2 0.398527 0.560611 0.0408618
2 0.287281 0.653923 0.0587964
2 0.380506 0.559703 0.0597911
4 0.642188 0.267798 0.0900145
4 0.561183 0.1344 0.304417
4 0.471522 0.0727273 0.455751
4 0.535552 0.0854407 0.379008
4 0.637989 0.0964822 0.265528
4 0.510822 0.109063 0.380115
4 0.589683 0.176294 0.234022
4 0.591305 0.180676 0.228019
4 0.712994 0.150163 0.136843
4 0.854611 0.0980737 0.0473155
4 0.84732 0.129496 0.0231842
4 0.766411 0.223078 0.0105107
4 0.859152 0.133056 0.00779223
4 0.914666 0.072224 0.0131103
4 0.863379 0.0650234 0.0715975
4 0.809294 0.0668446 0.123861
4 0.735773 0.05998 0.204247
4 0.528643 0.0738593 0.397498
1 0.336462 0.106888 0.55665
1 0.212574 0.178127 0.609299
1 0.206323 0.147699 0.645978
1 0.262859 0.258266 0.478875
4 0.516328 0.181194 0.302478
4 0.673182 0.162384 0.164434
4 0.851594 0.103103 0.0453029
4 0.89731 0.0698875 0.0328023
4 0.866096 0.0924009 0.0415028
4 0.804828 0.133774 0.0613972
4 0.84022 0.124592 0.0351882
4 0.850555 0.101109 0.0483356
4 0.82428 0.0776505 0.0980693
4 0.655083 0.134655 0.210262
4 0.597796 0.170985 0.231219
4 0.586272 0.269078 0.144649
4 0.706077 0.25095 0.042973
4 0.729477 0.206886 0.0636362
4 0.633958 0.255342 0.1107
4 0.559186 0.261409 0.179405
4 0.509278 0.316394 0.174328
4 0.49013 0.319892 0.189978
4 0.425485 0.280914 0.293601
1 0.312635 0.324155 0.363211
4 0.396564 0.302085 0.301351
4 0.599037 0.196018 0.204945
4 0.50472 0.110516 0.384765
4 0.474662 0.0676502 0.457688
1 0.306771 0.0876425 0.605587
1 0.441585 0.0946787 0.463736
4 0.545567 0.068655 0.385778
