labels 4 2 1
2 0.488646 0.501937 0.00941677
2 0.315149 0.680749 0.00410136
2 0.273494 0.72148 0.00502666
2 0.25404 0.737478 0.00848193
2 0.292826 0.698728 0.00844611
2 0.179755 0.81249 0.00775509
2 0.0838851 0.911822 0.0042929
2 0.0389639 0.956311 0.00472551
2 0.0363743 0.959896 0.00372922
2 0.0285859 0.966613 0.00480082
2 0.0576183 0.936975 0.00540629
2 0.0856975 0.907866 0.00643657
2 0.0433588 0.950386 0.00625484
2 0.0418194 0.953327 0.0048536
2 0.0685406 0.920764 0.0106952
2 0.0600992 0.929097 0.0108033
2 0.054423 0.937241 0.00833647
2 0.0525199 0.938926 0.00855391
2 0.0571867 0.933667 0.00914593
2 0.0503123 0.938159 0.0115288
2 0.0421116 0.939697 0.0181911
2 0.0367553 0.95244 0.0108044
2 0.097243 0.888687 0.0140699
2 0.176808 0.806286 0.0169065
2 0.253061 0.73077 0.0161695
2 0.22049 0.76904 0.0104702
2 0.298667 0.694431 0.00690204
2 0.234583 0.759328 0.00608853
2 0.168087 0.827028 0.00488484
2 0.153994 0.838619 0.00738735
2 0.155463 0.831526 0.0130112
2 0.101774 0.885257 0.0129688
2 0.106811 0.882847 0.0103424
2 0.105387 0.885319 0.00929361
2 0.182787 0.805858 0.0113552
2 0.192515 0.798867 0.00861814
2 0.203477 0.787232 0.00929113
2 0.145215 0.844569 0.0102159
2 0.121342 0.867893 0.0107648
2 0.100155 0.892628 0.00721683
2 0.131652 0.858727 0.00962163
2 0.166863 0.822285 0.0108523
2 0.20161 0.789327 0.00906302
2 0.125008 0.866905 0.00808753
2 0.0738168 0.921329 0.00485397
2 0.128891 0.865639 0.00546929
2 0.26233 0.728667 0.00900299
2 0.300003 0.690144 0.00985321
2 0.363257 0.629032 0.00771086
2 0.264598 0.729867 0.00553538
2 0.20963 0.783748 0.00662235
2 0.132562 0.860415 0.00702376
2 0.0564921 0.939475 0.00403336
2 0.0411741 0.955019 0.0038071
2 0.0273426 0.968785 0.00387288
2 0.0119355 0.985533 0.00253131
2 0.012073 0.984363 0.00356416
2 0.0202899 0.967324 0.0123859
2 0.0432804 0.936719 0.0200003
2 0.302545 0.650279 0.0471769
