labels 4 2 1
2 0.388946 0.503841 0.107213
2 0.136508 0.787039 0.0764529
2 0.109244 0.752799 0.137958
2 0.0684912 0.791052 0.140457
2 0.0873568 0.771696 0.140947
2 0.129532 0.592908 0.27756
2 0.150654 0.623251 0.226094
2 0.156491 0.670685 0.172824
2 0.062387 0.792727 0.144886
2 0.0573512 0.863991 0.0786579
2 0.0552709 0.82101 0.123719
2 0.0633477 0.861081 0.0755717
2 0.0633351 0.862346 0.0743188
2 0.0610361 0.872495 0.0664692
2 0.0223276 0.956528 0.0211447
2 0.017854 0.964963 0.0171827
2 0.0132742 0.959613 0.0271133
2 0.00901302 0.96477 0.0262169
2 0.0157935 0.953892 0.0303144
2 0.0138446 0.959638 0.0265169
2 0.0195909 0.953313 0.0270958
2 0.0249474 0.91721 0.0578429
2 0.0332414 0.908951 0.0578078
2 0.0312433 0.935722 0.0330343
2 0.0347061 0.942262 0.0230319
2 0.0225638 0.957047 0.0203894
2 0.028047 0.947063 0.0248904
2 0.0319656 0.94974 0.0182941
2 0.0635039 0.912133 0.0243634
2 0.0622739 0.912215 0.0255116
2 0.0790941 0.894125 0.026781
2 0.0440387 0.928837 0.0271244
2 0.0328731 0.948047 0.0190796
2 0.0289053 0.952703 0.0183915
2 0.0289782 0.942288 0.0287334
2 0.0536833 0.87354 0.0727771
2 0.081277 0.815471 0.103252
2 0.0778089 0.880193 0.0419984
2 0.0864488 0.897192 0.0163589
2 0.088442 0.900336 0.0112223
2 0.0946977 0.880024 0.025278
2 0.0759017 0.892197 0.0319014
2 0.0631932 0.913548 0.0232588
2 0.0696912 0.912367 0.0179419
2 0.107454 0.86659 0.0259559
2 0.121857 0.851156 0.0269869
2 0.134263 0.840495 0.0252415
2 0.223355 0.749978 0.0266673
2 0.247433 0.714222 0.0383442
2 0.173002 0.785767 0.0412307
2 0.137353 0.829817 0.0328298
2 0.156412 0.81316 0.0304282
2 0.127282 0.846491 0.0262264
2 0.110973 0.848563 0.040464
2 0.125905 0.814779 0.0593159
2 0.144002 0.779916 0.0760821
2 0.200085 0.751892 0.0480232
2 0.276815 0.675727 0.0474575
2 0.377507 0.588363 0.0341298
4 0.716328 0.238647 0.0450244
