labels 4 2 1
4 0.621883 0.343263 0.0348539
2 0.308985 0.668145 0.0228697
2 0.245881 0.732663 0.021456
2 0.106706 0.875277 0.0180176
2 0.10797 0.880554 0.0114759
2 0.149071 0.834221 0.0167088
2 0.161063 0.825179 0.013758
2 0.159402 0.817679 0.0229191
2 0.1893 0.798398 0.0123016
2 0.192424 0.792623 0.0149529
2 0.101317 0.885743 0.0129394
2 0.102973 0.88014 0.0168873
2 0.15601 0.81817 0.0258197
2 0.199208 0.762498 0.0382942
2 0.201266 0.780993 0.0177416
2 0.262615 0.723708 0.0136771
2 0.344466 0.643305 0.0122293
2 0.340261 0.650902 0.00883739
2 0.239364 0.753628 0.00700868
2 0.220403 0.768253 0.0113439
2 0.101776 0.880039 0.0181842
2 0.038164 0.952209 0.00962711
2 0.0579805 0.93508 0.00693953
2 0.09923 0.895694 0.00507623
2 0.140855 0.847912 0.0112334
2 0.146473 0.838755 0.0147714
2 0.14961 0.832649 0.0177413
2 0.292703 0.673427 0.0338703
2 0.203131 0.769008 0.0278608
2 0.159229 0.811894 0.0288762
2 0.140158 0.82938 0.0304626
2 0.228471 0.730653 0.0408754
2 0.203701 0.751727 0.0445723
2 0.168219 0.795985 0.0357965
2 0.13926 0.831394 0.0293459
2 0.133676 0.837872 0.0284519
2 0.13711 0.847155 0.0157344
2 0.115248 0.874618 0.0101341
2 0.103133 0.886674 0.0101933
2 0.0813495 0.914037 0.00461339
2 0.110075 0.884902 0.00502325
2 0.134051 0.861988 0.00396127
2 0.0672256 0.929401 0.00337367
2 0.0304321 0.96706 0.00250742
2 0.0241043 0.973664 0.00223147
2 0.0334925 0.963843 0.00266496
2 0.0514426 0.946061 0.00249612
2 0.045539 0.951876 0.00258483
2 0.0785265 0.917943 0.0035303
2 0.106643 0.88828 0.00507626
2 0.0571756 0.938281 0.00454349
2 0.0421674 0.951739 0.00609371
2 0.082729 0.906509 0.0107617
2 0.12915 0.858227 0.0126233
2 0.198968 0.782527 0.0185045
2 0.195042 0.767847 0.0371111
2 0.216659 0.737683 0.0456583
2 0.213155 0.719005 0.0678391
2 0.170699 0.771826 0.0574755
2 0.403707 0.528834 0.0674596
