labels 4 2 1
4 0.494089 0.289993 0.215918
2 0.228989 0.540152 0.23086
2 0.146089 0.604554 0.249357
2 0.12206 0.645778 0.232162
2 0.185032 0.542707 0.272261
2 0.257087 0.528116 0.214797
2 0.309109 0.540513 0.150378
2 0.325344 0.552005 0.122651
2 0.167786 0.684202 0.148012
2 0.121002 0.747518 0.131479
2 0.152869 0.684035 0.163096
2 0.125301 0.720701 0.153998
2 0.0763587 0.840653 0.0829879
2 0.0419557 0.913948 0.044096
2 0.00677021 0.983052 0.0101775
2 0.00294063 0.98609 0.0109695
2 0.00112062 0.992718 0.0061609
2 9.46744e-06 0.996828 0.0031629
2 3.50989e-06 0.998284 0.0017122
2 0.00131027 0.996458 0.00223148
2 0.00221141 0.994638 0.00315059
2 0.00302252 0.991573 0.00540447
2 0.0076237 0.973178 0.0191983
2 0.0661329 0.839306 0.0945613
2 0.100999 0.692974 0.206027
2 0.110334 0.711538 0.178128
2 0.0552835 0.865651 0.0790651
2 0.0346202 0.924242 0.041138
2 0.0181933 0.914904 0.066903
2 0.010331 0.89997 0.0896989
2 0.00679067 0.943063 0.0501467
2 0.00754401 0.97628 0.0161756
2 0.0107222 0.981616 0.0076615
2 0.0128331 0.982132 0.00503492
2 0.0141107 0.978156 0.00773297
2 0.0317957 0.9541 0.0141045
2 0.0473766 0.931482 0.0211416
2 0.0434873 0.941547 0.0149657
2 0.0245174 0.958001 0.0174814
2 0.00824834 0.979072 0.0126797
2 0.00486247 0.97923 0.0159077
2 0.00834041 0.975605 0.0160548
2 0.0420503 0.93509 0.0228601
2 0.0475632 0.934083 0.0183541
2 0.0456634 0.923848 0.0304885
2 0.0580136 0.894618 0.0473686
2 0.0526489 0.907465 0.0398861
2 0.0296654 0.941592 0.0287431
2 0.0198025 0.958618 0.0215796
2 0.0267968 0.950841 0.0223626
2 0.0464001 0.925068 0.0285314
2 0.0374327 0.928863 0.0337041
2 0.0394881 0.921134 0.0393779
2 0.0965967 0.846819 0.0565841
2 0.167919 0.763727 0.0683545
2 0.086656 0.85639 0.0569544
2 0.137392 0.819345 0.0432625
2 0.145891 0.80177 0.0523396
2 0.317534 0.63403 0.0484362
4 0.439806 0.438208 0.121986
