labels 4 2 1
4 0.708747 0.177237 0.114017
2 0.362919 0.511014 0.126068
2 0.276034 0.550117 0.173849
2 0.202752 0.610422 0.186826
2 0.148854 0.723668 0.127478
2 0.217644 0.697789 0.0845672
2 0.252287 0.657135 0.0905782
2 0.274188 0.639858 0.0859538
2 0.304091 0.607465 0.0884437
2 0.377174 0.557286 0.0655401
2 0.323213 0.634746 0.0420414
2 0.276523 0.693668 0.0298085
2 0.215141 0.763882 0.0209764
2 0.22309 0.756119 0.0207904
2 0.278182 0.698979 0.0228389
2 0.198638 0.783601 0.0177604
2 0.156421 0.821666 0.0219126
2 0.139409 0.829155 0.0314362
2 0.238047 0.726789 0.035164
2 0.376685 0.579493 0.0438219
2 0.30338 0.664813 0.0318074
2 0.193223 0.777181 0.0295957
2 0.157117 0.812932 0.0299511
2 0.275963 0.702728 0.0213091
2 0.405967 0.56506 0.0289728
2 0.360373 0.608947 0.0306804
2 0.429798 0.531435 0.0387666
2 0.467226 0.478236 0.0545382
2 0.301348 0.615838 0.0828141
2 0.155155 0.785391 0.0594535
2 0.0784761 0.87111 0.0504139
2 0.209558 0.708926 0.081516
2 0.311506 0.598893 0.0896011
2 0.293491 0.588469 0.11804
2 0.325555 0.56564 0.108805
2 0.26773 0.652993 0.0792775
2 0.196069 0.714275 0.0896565
2 0.151459 0.745322 0.103219
2 0.183875 0.726242 0.0898834
2 0.253549 0.571898 0.174553
2 0.266372 0.48386 0.249768
2 0.255036 0.446795 0.298169
2 0.198915 0.590464 0.210621
2 0.0634898 0.811178 0.125332
2 0.0535659 0.885901 0.0605334
2 0.116672 0.800182 0.0831455
2 0.101757 0.85624 0.042003
2 0.085042 0.891347 0.0236108
2 0.0633073 0.916519 0.0201739
2 0.0694885 0.911309 0.0192028
2 0.0579797 0.918286 0.0237338
2 0.0308978 0.944841 0.0242611
2 0.0323019 0.949126 0.018572
2 0.0391448 0.933504 0.0273509
2 0.0397974 0.930123 0.0300796
2 0.0531537 0.907012 0.0398341
2 0.0613635 0.893746 0.0448908
2 0.123789 0.835003 0.0412078
2 0.210383 0.734303 0.0553139
2 0.435416 0.504846 0.0597382
