Secondary Structure Prediction Output (Part of REGAd3p ASA Prediction)
TARGET: Q9UKV8-1, Length: 60

SR#  AA  SSp  pCoil          pBeta          pHelix
1    M   C    0.708747       0.177237       0.114017
2    Y   E    0.362919       0.511014       0.126068
3    S   E    0.276034       0.550117       0.173849
4    G   E    0.202752       0.610422       0.186826
5    A   E    0.148854       0.723668       0.127478
6    G   E    0.217644       0.697789       0.0845672
7    P   E    0.252287       0.657135       0.0905782
8    A   E    0.274188       0.639858       0.0859538
9    L   E    0.304091       0.607465       0.0884437
10   A   E    0.377174       0.557286       0.0655401
11   P   E    0.323213       0.634746       0.0420414
12   P   E    0.276523       0.693668       0.0298085
13   A   E    0.215141       0.763882       0.0209764
14   P   E    0.22309        0.756119       0.0207904
15   P   E    0.278182       0.698979       0.0228389
16   P   E    0.198638       0.783601       0.0177604
17   P   E    0.156421       0.821666       0.0219126
18   I   E    0.139409       0.829155       0.0314362
19   Q   E    0.238047       0.726789       0.035164
20   G   E    0.376685       0.579493       0.0438219
21   Y   E    0.30338        0.664813       0.0318074
22   A   E    0.193223       0.777181       0.0295957
23   F   E    0.157117       0.812932       0.0299511
24   K   E    0.275963       0.702728       0.0213091
25   P   E    0.405967       0.56506        0.0289728
26   P   E    0.360373       0.608947       0.0306804
27   P   E    0.429798       0.531435       0.0387666
28   R   E    0.467226       0.478236       0.0545382
29   P   E    0.301348       0.615838       0.0828141
30   D   E    0.155155       0.785391       0.0594535
31   F   E    0.0784761      0.87111        0.0504139
32   G   E    0.209558       0.708926       0.081516
33   T   E    0.311506       0.598893       0.0896011
34   S   E    0.293491       0.588469       0.11804
35   G   E    0.325555       0.56564        0.108805
36   R   E    0.26773        0.652993       0.0792775
37   T   E    0.196069       0.714275       0.0896565
38   I   E    0.151459       0.745322       0.103219
39   K   E    0.183875       0.726242       0.0898834
40   L   E    0.253549       0.571898       0.174553
41   Q   E    0.266372       0.48386        0.249768
42   A   E    0.255036       0.446795       0.298169
43   N   E    0.198915       0.590464       0.210621
44   F   E    0.0634898      0.811178       0.125332
45   F   E    0.0535659      0.885901       0.0605334
46   E   E    0.116672       0.800182       0.0831455
47   M   E    0.101757       0.85624        0.042003
48   D   E    0.085042       0.891347       0.0236108
49   I   E    0.0633073      0.916519       0.0201739
50   P   E    0.0694885      0.911309       0.0192028
51   K   E    0.0579797      0.918286       0.0237338
52   I   E    0.0308978      0.944841       0.0242611
53   D   E    0.0323019      0.949126       0.018572
54   I   E    0.0391448      0.933504       0.0273509
55   Y   E    0.0397974      0.930123       0.0300796
56   H   E    0.0531537      0.907012       0.0398341
57   Y   E    0.0613635      0.893746       0.0448908
58   E   E    0.123789       0.835003       0.0412078
59   L   E    0.210383       0.734303       0.0553139
60   D   E    0.435416       0.504846       0.0597382
END
