Secondary Structure Prediction Output by cSVM (Part of BalancedSSP)
TARGET: Q9UKV8-1, Length: 60

SR#  AA  cSVM  pBeta  pCoil  pHelix
1    M   C     0.330  0.351  0.320
2    Y   H     0.333  0.308  0.359
3    S   H     0.332  0.286  0.382
4    G   H     0.336  0.278  0.386
5    A   H     0.349  0.282  0.368
6    G   H     0.331  0.315  0.354
7    P   E     0.335  0.333  0.331
8    A   C     0.343  0.351  0.306
9    L   C     0.341  0.375  0.284
10   A   C     0.342  0.390  0.267
11   P   C     0.342  0.398  0.260
12   P   C     0.351  0.396  0.253
13   A   C     0.344  0.404  0.252
14   P   C     0.350  0.401  0.249
15   P   C     0.354  0.399  0.247
16   P   C     0.360  0.393  0.247
17   P   C     0.363  0.387  0.250
18   I   E     0.382  0.373  0.246
19   Q   C     0.358  0.387  0.255
20   G   C     0.357  0.386  0.257
21   Y   C     0.357  0.382  0.261
22   A   E     0.376  0.368  0.256
23   F   C     0.364  0.379  0.258
24   K   C     0.356  0.391  0.253
25   P   C     0.353  0.395  0.252
26   P   C     0.357  0.393  0.250
27   P   C     0.346  0.400  0.253
28   R   C     0.339  0.404  0.257
29   P   C     0.346  0.391  0.263
30   D   E     0.376  0.363  0.261
31   F   E     0.377  0.354  0.268
32   G   C     0.358  0.370  0.272
33   T   C     0.343  0.383  0.274
34   S   C     0.338  0.387  0.275
35   G   C     0.328  0.398  0.274
36   R   C     0.336  0.399  0.265
37   T   C     0.335  0.397  0.268
38   I   C     0.333  0.394  0.273
39   K   C     0.348  0.384  0.268
40   L   C     0.340  0.384  0.276
41   Q   C     0.338  0.387  0.275
42   A   C     0.340  0.378  0.283
43   N   C     0.352  0.374  0.274
44   F   E     0.372  0.356  0.271
45   F   C     0.356  0.368  0.276
46   E   C     0.365  0.368  0.267
47   M   C     0.347  0.383  0.269
48   D   C     0.335  0.391  0.273
49   I   C     0.336  0.388  0.276
50   P   C     0.337  0.385  0.278
51   K   C     0.352  0.378  0.270
52   I   C     0.349  0.383  0.269
53   D   C     0.344  0.389  0.267
54   I   C     0.353  0.375  0.272
55   Y   C     0.350  0.378  0.272
56   H   C     0.349  0.379  0.271
57   Y   C     0.360  0.372  0.268
58   E   C     0.345  0.378  0.277
59   L   C     0.336  0.383  0.282
60   D   C     0.325  0.400  0.275
