Secondary Structure Prediction Output (Part of REGAd3p ASA Prediction)
TARGET: id2, Length: 16

SR#  AA  SSp  pCoil          pBeta          pHelix
1    V   C    0.592188       0.164722       0.24309
2    W   H    0.301649       0.293406       0.404946
3    A   H    0.199859       0.194779       0.605362
4    D   H    0.156435       0.160694       0.682871
5    V   H    0.0750106      0.139371       0.785619
6    F   H    0.066964       0.211883       0.721153
7    A   H    0.0899902      0.209448       0.700562
8    K   H    0.0971762      0.212419       0.690405
9    A   H    0.087922       0.124832       0.787246
10   V   H    0.136588       0.114381       0.749032
11   E   H    0.318283       0.0657445      0.615973
12   G   C    0.489147       0.032338       0.478515
13   K   C    0.562624       0.0312246      0.406152
14   N   C    0.604293       0.0816893      0.314018
15   L   C    0.611264       0.082823       0.305913
16   K   C    0.670668       0.0971986      0.232133
END
