labels 4 2 1
4 0.592188 0.164722 0.24309
1 0.301649 0.293406 0.404946
1 0.199859 0.194779 0.605362
1 0.156435 0.160694 0.682871
1 0.0750106 0.139371 0.785619
1 0.066964 0.211883 0.721153
1 0.0899902 0.209448 0.700562
1 0.0971762 0.212419 0.690405
1 0.087922 0.124832 0.787246
1 0.136588 0.114381 0.749032
1 0.318283 0.0657445 0.615973
4 0.489147 0.032338 0.478515
4 0.562624 0.0312246 0.406152
4 0.604293 0.0816893 0.314018
4 0.611264 0.082823 0.305913
4 0.670668 0.0971986 0.232133
