labels 4 2 1
4 0.604422 0.297213 0.0983656
2 0.373733 0.56089 0.0653771
2 0.241538 0.637035 0.121426
2 0.184891 0.679362 0.135747
2 0.168296 0.702857 0.128846
2 0.29804 0.609356 0.0926035
2 0.276145 0.640414 0.0834415
2 0.31799 0.605876 0.0761346
2 0.338105 0.555963 0.105932
2 0.27894 0.588267 0.132793
2 0.292499 0.556579 0.150922
2 0.268747 0.520124 0.211129
2 0.237391 0.525202 0.237407
2 0.291347 0.428714 0.279939
2 0.267866 0.383865 0.348269
2 0.311724 0.416087 0.272189
2 0.215481 0.575743 0.208776
2 0.118251 0.765077 0.116672
2 0.179896 0.722521 0.0975826
2 0.174475 0.680086 0.145439
2 0.202937 0.606641 0.190422
2 0.199366 0.645194 0.15544
2 0.156441 0.725724 0.117835
2 0.121608 0.810817 0.0675744
2 0.0976346 0.861621 0.0407443
2 0.0373827 0.942276 0.0203416
2 0.025421 0.958267 0.0163118
2 0.0490459 0.90936 0.0415938
2 0.171704 0.744167 0.0841294
2 0.235972 0.702165 0.0618637
2 0.264329 0.713105 0.0225653
2 0.172133 0.813268 0.0145992
2 0.14236 0.837046 0.0205942
2 0.0789745 0.900683 0.0203425
2 0.0475799 0.932231 0.0201892
2 0.0391261 0.936969 0.0239047
2 0.0502872 0.901189 0.048524
2 0.130039 0.762151 0.10781
2 0.156899 0.741165 0.101936
2 0.124707 0.815632 0.0596612
2 0.0369672 0.929277 0.0337557
2 0.019061 0.961 0.0199391
2 0.0320854 0.936896 0.0310185
2 0.0382157 0.899887 0.0618969
2 0.0569571 0.866996 0.0760473
2 0.0734607 0.816592 0.109947
2 0.108985 0.81453 0.0764851
2 0.141269 0.819813 0.0389179
2 0.0871231 0.88746 0.0254173
2 0.0577767 0.921938 0.020285
2 0.0372701 0.929768 0.0329615
2 0.0128206 0.964233 0.0229463
2 0.0133344 0.969314 0.0173516
2 0.0253305 0.933516 0.0411531
2 0.0910806 0.840193 0.0687259
2 0.184283 0.709078 0.106639
2 0.27601 0.646462 0.0775279
2 0.276116 0.660981 0.0629026
2 0.434482 0.524763 0.0407548
4 0.495753 0.408012 0.0962352
