labels 4 2 1
4 0.524242 0.300173 0.175586
2 0.236435 0.613608 0.149957
2 0.152792 0.638333 0.208874
2 0.0847975 0.718718 0.196484
2 0.110588 0.613593 0.275819
2 0.14462 0.513376 0.342004
2 0.161293 0.448082 0.390625
2 0.158073 0.453002 0.388925
2 0.185212 0.433448 0.381339
1 0.128347 0.427507 0.444146
1 0.104083 0.303847 0.592069
1 0.115339 0.358353 0.526309
1 0.126898 0.381417 0.491685
1 0.137384 0.398962 0.463654
2 0.176594 0.424913 0.398493
2 0.160296 0.463968 0.375736
2 0.245456 0.547613 0.206931
2 0.343681 0.499709 0.15661
2 0.317828 0.583054 0.099118
2 0.273954 0.629545 0.096501
2 0.333856 0.569135 0.0970097
2 0.289974 0.640159 0.0698677
2 0.326421 0.614801 0.0587778
2 0.285671 0.64558 0.0687493
2 0.269891 0.664814 0.0652952
2 0.23506 0.65775 0.10719
2 0.292836 0.515803 0.19136
2 0.249888 0.501441 0.248671
2 0.319848 0.461959 0.218193
2 0.305559 0.513484 0.180958
2 0.386706 0.462187 0.151106
2 0.251519 0.570472 0.178009
2 0.251859 0.647014 0.101127
2 0.248887 0.656981 0.0941317
2 0.232072 0.703316 0.0646119
2 0.135034 0.823036 0.0419299
2 0.129281 0.834257 0.0364628
2 0.0737702 0.908725 0.0175052
2 0.0605254 0.918881 0.0205932
2 0.0359624 0.950614 0.0134234
2 0.0194561 0.972911 0.00763335
2 0.0122622 0.98093 0.00680763
2 0.0105258 0.981207 0.00826747
2 0.0176522 0.97151 0.010838
2 0.0245582 0.953573 0.0218689
2 0.0289375 0.942185 0.028878
2 0.0596287 0.892375 0.0479963
2 0.0708158 0.876347 0.0528375
2 0.10959 0.830879 0.059531
2 0.073399 0.853511 0.0730899
2 0.0660561 0.873419 0.0605245
2 0.0598065 0.890408 0.0497854
2 0.0392013 0.916272 0.0445265
2 0.0172917 0.908059 0.0746489
2 0.0482824 0.807279 0.144439
2 0.121466 0.644132 0.234401
2 0.219522 0.589044 0.191434
2 0.264919 0.636302 0.0987795
4 0.596967 0.348048 0.0549846
4 0.610617 0.255931 0.133452
