labels 4 2 1
2 0.470283 0.526635 0.00308198
2 0.336969 0.660762 0.00226897
2 0.30804 0.688302 0.00365785
2 0.215671 0.780654 0.0036751
2 0.219449 0.775697 0.00485462
2 0.142131 0.85133 0.00653851
2 0.110744 0.885166 0.00408991
2 0.227477 0.766411 0.00611267
2 0.280691 0.71416 0.0051487
2 0.327229 0.668432 0.00433875
2 0.331907 0.663343 0.00475006
2 0.274724 0.722864 0.00241173
2 0.324615 0.672379 0.00300602
2 0.285203 0.712333 0.00246432
2 0.19507 0.803847 0.00108317
2 0.392676 0.60593 0.00139347
2 0.354813 0.644166 0.001021
2 0.202365 0.796991 0.000644038
2 0.265342 0.733619 0.0010391
2 0.179218 0.819316 0.00146613
2 0.0961174 0.902222 0.00166106
2 0.112634 0.885004 0.00236241
2 0.10622 0.891592 0.00218772
2 0.253624 0.740859 0.00551714
2 0.283402 0.711529 0.00506891
2 0.221399 0.775677 0.00292471
2 0.299461 0.697244 0.00329522
2 0.25176 0.744989 0.00325054
2 0.147356 0.849906 0.0027385
2 0.21035 0.786043 0.00360712
2 0.141137 0.854276 0.00458689
2 0.0822779 0.9138 0.00392194
2 0.0895983 0.905578 0.00482376
2 0.143732 0.852198 0.00407016
2 0.202302 0.793731 0.00396747
2 0.314414 0.676364 0.00922175
2 0.377891 0.616317 0.00579182
2 0.356343 0.639239 0.0044175
2 0.294374 0.70189 0.00373551
2 0.165796 0.830878 0.0033258
2 0.204202 0.792112 0.00368568
2 0.279668 0.714027 0.00630514
2 0.20096 0.791816 0.00722438
2 0.0861417 0.909107 0.00475121
2 0.0645875 0.932436 0.00297614
2 0.11203 0.884869 0.00310041
2 0.103621 0.891362 0.00501741
2 0.0836267 0.911273 0.00510014
2 0.0805673 0.916712 0.0027202
2 0.062148 0.935991 0.00186139
2 0.0752787 0.922607 0.00211447
2 0.0662366 0.931468 0.00229555
2 0.0402401 0.957437 0.00232245
2 0.0811761 0.915053 0.00377136
2 0.047817 0.949711 0.00247226
2 0.021783 0.97623 0.00198744
2 0.0429566 0.954642 0.00240183
2 0.120861 0.87334 0.00579849
2 0.285868 0.699801 0.0143317
2 0.472408 0.509907 0.0176855
