Secondary Structure Prediction Output (Part of REGAd3p ASA Prediction)
TARGET: Q13698, Length: 60

SR#  AA  SSp  pCoil          pBeta          pHelix
1    M   E    0.470283       0.526635       0.00308198
2    E   E    0.336969       0.660762       0.00226897
3    P   E    0.30804        0.688302       0.00365785
4    S   E    0.215671       0.780654       0.0036751
5    S   E    0.219449       0.775697       0.00485462
6    P   E    0.142131       0.85133        0.00653851
7    Q   E    0.110744       0.885166       0.00408991
8    D   E    0.227477       0.766411       0.00611267
9    E   E    0.280691       0.71416        0.0051487
10   G   E    0.327229       0.668432       0.00433875
11   L   E    0.331907       0.663343       0.00475006
12   R   E    0.274724       0.722864       0.00241173
13   K   E    0.324615       0.672379       0.00300602
14   K   E    0.285203       0.712333       0.00246432
15   Q   E    0.19507        0.803847       0.00108317
16   P   E    0.392676       0.60593        0.00139347
17   K   E    0.354813       0.644166       0.001021
18   K   E    0.202365       0.796991       0.000644038
19   P   E    0.265342       0.733619       0.0010391
20   V   E    0.179218       0.819316       0.00146613
21   P   E    0.0961174      0.902222       0.00166106
22   E   E    0.112634       0.885004       0.00236241
23   I   E    0.10622        0.891592       0.00218772
24   L   E    0.253624       0.740859       0.00551714
25   P   E    0.283402       0.711529       0.00506891
26   R   E    0.221399       0.775677       0.00292471
27   P   E    0.299461       0.697244       0.00329522
28   P   E    0.25176        0.744989       0.00325054
29   R   E    0.147356       0.849906       0.0027385
30   A   E    0.21035        0.786043       0.00360712
31   L   E    0.141137       0.854276       0.00458689
32   F   E    0.0822779      0.9138         0.00392194
33   C   E    0.0895983      0.905578       0.00482376
34   L   E    0.143732       0.852198       0.00407016
35   T   E    0.202302       0.793731       0.00396747
36   L   E    0.314414       0.676364       0.00922175
37   E   E    0.377891       0.616317       0.00579182
38   N   E    0.356343       0.639239       0.0044175
39   P   E    0.294374       0.70189        0.00373551
40   L   E    0.165796       0.830878       0.0033258
41   R   E    0.204202       0.792112       0.00368568
42   K   E    0.279668       0.714027       0.00630514
43   A   E    0.20096        0.791816       0.00722438
44   C   E    0.0861417      0.909107       0.00475121
45   I   E    0.0645875      0.932436       0.00297614
46   S   E    0.11203        0.884869       0.00310041
47   I   E    0.103621       0.891362       0.00501741
48   V   E    0.0836267      0.911273       0.00510014
49   E   E    0.0805673      0.916712       0.0027202
50   W   E    0.062148       0.935991       0.00186139
51   K   E    0.0752787      0.922607       0.00211447
52   P   E    0.0662366      0.931468       0.00229555
53   F   E    0.0402401      0.957437       0.00232245
54   E   E    0.0811761      0.915053       0.00377136
55   T   E    0.047817       0.949711       0.00247226
56   I   E    0.021783       0.97623        0.00198744
57   I   E    0.0429566      0.954642       0.00240183
58   L   E    0.120861       0.87334        0.00579849
59   L   E    0.285868       0.699801       0.0143317
60   T   E    0.472408       0.509907       0.0176855
END
