Secondary Structure Prediction Output by cSVM (Part of BalancedSSP)
TARGET: Q13698, Length: 60

SR#  AA  cSVM  pBeta  pCoil  pHelix
1    M   C     0.338  0.367  0.295
2    E   E     0.352  0.341  0.307
3    P   E     0.359  0.311  0.331
4    S   E     0.364  0.299  0.337
5    S   E     0.368  0.302  0.330
6    P   E     0.360  0.298  0.341
7    Q   E     0.350  0.310  0.340
8    D   E     0.349  0.312  0.339
9    E   E     0.358  0.326  0.316
10   G   E     0.351  0.339  0.310
11   L   C     0.347  0.360  0.293
12   R   C     0.348  0.378  0.274
13   K   C     0.331  0.401  0.268
14   K   C     0.336  0.403  0.261
15   Q   C     0.337  0.407  0.257
16   P   C     0.333  0.409  0.257
17   K   C     0.349  0.398  0.252
18   K   E     0.383  0.380  0.237
19   P   E     0.390  0.371  0.239
20   V   E     0.400  0.362  0.238
21   P   E     0.406  0.357  0.237
22   E   E     0.394  0.363  0.243
23   I   E     0.396  0.361  0.243
24   L   C     0.375  0.381  0.244
25   P   C     0.369  0.384  0.247
26   R   E     0.386  0.376  0.238
27   P   C     0.377  0.378  0.245
28   P   C     0.363  0.383  0.254
29   R   C     0.368  0.378  0.254
30   A   C     0.364  0.375  0.260
31   L   E     0.374  0.362  0.264
32   F   E     0.401  0.339  0.261
33   C   E     0.387  0.348  0.265
34   L   E     0.367  0.367  0.267
35   T   C     0.360  0.377  0.263
36   L   C     0.355  0.383  0.262
37   E   C     0.340  0.399  0.261
38   N   C     0.336  0.403  0.261
39   P   C     0.354  0.387  0.259
40   L   C     0.360  0.376  0.264
41   R   C     0.335  0.402  0.263
42   K   C     0.335  0.398  0.267
43   A   C     0.330  0.397  0.273
44   C   C     0.346  0.379  0.276
45   I   C     0.362  0.374  0.264
46   S   C     0.355  0.384  0.262
47   I   C     0.368  0.368  0.264
48   V   C     0.363  0.365  0.272
49   E   C     0.358  0.373  0.269
50   W   C     0.350  0.381  0.269
51   K   C     0.331  0.404  0.265
52   P   C     0.331  0.404  0.265
53   F   C     0.350  0.393  0.257
54   E   C     0.366  0.374  0.259
55   T   E     0.372  0.368  0.260
56   I   E     0.410  0.340  0.250
57   I   E     0.409  0.336  0.255
58   L   E     0.389  0.351  0.260
59   L   E     0.368  0.365  0.268
60   T   C     0.334  0.394  0.272
