labels 4 2 1
2 0.433499 0.52756 0.0389409
2 0.0973116 0.879368 0.0233201
2 0.0466506 0.933749 0.0196002
2 0.0133186 0.973228 0.0134534
2 0.0111016 0.975774 0.0131242
2 0.0155431 0.965847 0.01861
2 0.0240526 0.945207 0.0307405
2 0.0149005 0.879859 0.10524
2 0.0330748 0.753363 0.213562
2 0.0284669 0.787485 0.184048
2 0.0121034 0.844499 0.143398
2 0.00995725 0.773628 0.216415
2 0.0204242 0.600098 0.379478
1 0.0249505 0.478401 0.496648
1 0.0423593 0.438904 0.518736
2 0.0484998 0.679596 0.271904
2 0.0316889 0.710342 0.257969
2 0.0347406 0.671163 0.294096
2 0.0429611 0.666118 0.290921
2 0.0591878 0.807367 0.133445
2 0.0675338 0.850977 0.0814895
2 0.0297746 0.931961 0.0382648
2 0.010726 0.958233 0.0310413
2 0.00950712 0.95944 0.0310531
2 0.0152756 0.957652 0.0270721
2 0.0193837 0.926305 0.0543111
2 0.0280235 0.892714 0.0792623
2 0.049221 0.839208 0.111571
2 0.0776402 0.76229 0.16007
2 0.0538 0.795561 0.150639
2 0.0677581 0.809463 0.122779
2 0.102712 0.765325 0.131962
2 0.147397 0.641884 0.21072
2 0.145311 0.641835 0.212854
2 0.111253 0.722469 0.166278
2 0.105765 0.735008 0.159228
2 0.0860337 0.801482 0.112484
2 0.0547504 0.846506 0.0987436
2 0.0717912 0.770486 0.157723
2 0.0934587 0.726134 0.180407
2 0.125809 0.743063 0.131128
2 0.106975 0.719464 0.17356
2 0.125521 0.758199 0.11628
2 0.179611 0.72134 0.0990497
2 0.0889734 0.794546 0.116481
2 0.0676682 0.804915 0.127417
2 0.0551253 0.665345 0.27953
2 0.0745784 0.543643 0.381778
2 0.0575745 0.47705 0.465375
2 0.058421 0.566628 0.374951
1 0.0630781 0.396563 0.540359
1 0.115949 0.3839 0.500151
1 0.0777108 0.376438 0.545851
1 0.0649318 0.450487 0.484581
1 0.0754044 0.416642 0.507953
2 0.0862899 0.524829 0.388881
2 0.100388 0.637908 0.261703
2 0.179208 0.631921 0.188871
2 0.404179 0.489463 0.106357
4 0.706069 0.195508 0.0984227
