labels 4 2 1
4 0.437965 0.351738 0.210297
2 0.191386 0.629265 0.17935
2 0.192229 0.589767 0.218005
2 0.155817 0.592999 0.251184
2 0.131739 0.645785 0.222475
2 0.17602 0.474516 0.349465
2 0.190396 0.435921 0.373683
2 0.223818 0.418667 0.357516
2 0.297836 0.391781 0.310383
2 0.281773 0.525891 0.192336
2 0.18911 0.692998 0.117892
2 0.115553 0.707837 0.17661
2 0.0785805 0.659275 0.262144
2 0.0477129 0.498196 0.454091
1 0.0564639 0.450254 0.493282
2 0.0697843 0.59597 0.334246
2 0.141238 0.572506 0.286256
1 0.164132 0.27402 0.561848
1 0.183843 0.293377 0.52278
1 0.132333 0.296361 0.571306
1 0.189996 0.401623 0.408381
2 0.131182 0.612588 0.25623
2 0.143468 0.656143 0.200389
2 0.141391 0.499483 0.359126
2 0.128608 0.627871 0.243521
2 0.137503 0.636644 0.225853
2 0.167456 0.627601 0.204943
2 0.127831 0.670548 0.201621
2 0.119648 0.619897 0.260455
2 0.0975649 0.651424 0.251011
2 0.078045 0.682165 0.23979
2 0.117537 0.615294 0.267169
2 0.0883581 0.675113 0.236529
2 0.124727 0.664752 0.210521
2 0.129223 0.690379 0.180398
2 0.128341 0.735032 0.136627
2 0.120398 0.714555 0.165047
2 0.129172 0.714082 0.156746
2 0.113941 0.728335 0.157724
2 0.140663 0.673198 0.186139
2 0.116185 0.741294 0.142521
2 0.104846 0.773112 0.122042
2 0.130748 0.694571 0.174681
2 0.123159 0.733739 0.143102
2 0.122395 0.745505 0.1321
2 0.154195 0.730468 0.115337
2 0.167908 0.708872 0.12322
2 0.169903 0.711289 0.118808
2 0.126239 0.759263 0.114498
2 0.119635 0.745571 0.134794
2 0.186848 0.61337 0.199782
2 0.12542 0.726615 0.147965
2 0.127479 0.77033 0.102191
2 0.115665 0.793388 0.0909468
2 0.152295 0.781183 0.0665222
2 0.127402 0.80386 0.0687377
2 0.125475 0.830848 0.0436766
2 0.204393 0.762223 0.0333844
2 0.345758 0.625711 0.028531
4 0.60221 0.36015 0.0376408
