labels 4 2 1
4 0.545527 0.284231 0.170241
2 0.302267 0.560458 0.137276
2 0.251243 0.595326 0.153431
2 0.0896849 0.785922 0.124393
2 0.0464943 0.907207 0.0462982
2 0.0543184 0.893574 0.0521075
2 0.0652924 0.899985 0.0347223
2 0.0656303 0.896321 0.0380491
2 0.092604 0.866781 0.0406148
2 0.0566363 0.917554 0.0258101
2 0.0453709 0.919341 0.0352883
2 0.0330543 0.876589 0.0903571
2 0.0399654 0.827458 0.132577
2 0.0532854 0.817216 0.129499
2 0.0372227 0.852787 0.10999
2 0.0389439 0.734648 0.226409
2 0.0340919 0.680179 0.285729
2 0.0957103 0.513605 0.390685
2 0.138883 0.602675 0.258442
2 0.155129 0.624301 0.220569
2 0.142251 0.58925 0.268499
2 0.0922672 0.671948 0.235785
2 0.0639071 0.821659 0.114434
2 0.0547873 0.875757 0.0694556
2 0.0623464 0.851723 0.0859305
2 0.116579 0.730955 0.152466
2 0.142265 0.750917 0.106818
2 0.125737 0.794604 0.0796595
2 0.101257 0.806574 0.0921695
2 0.0755765 0.836707 0.0877168
2 0.0305674 0.873785 0.0956479
2 0.00420008 0.93306 0.0627396
2 0.000763998 0.967881 0.0313547
2 0.00011393 0.988077 0.0118088
2 0.000282324 0.981238 0.0184797
2 0.00556335 0.978111 0.0163253
2 0.016719 0.95909 0.0241914
2 0.0586768 0.912514 0.0288091
2 0.141974 0.806496 0.0515307
2 0.205021 0.770096 0.0248839
2 0.212266 0.763564 0.0241697
2 0.0850525 0.89894 0.0160071
2 0.0387892 0.951894 0.00931677
2 0.0295276 0.954726 0.0157464
2 0.0566049 0.919709 0.0236864
2 0.025639 0.956122 0.0182387
2 0.0144856 0.973808 0.011706
2 0.0283513 0.947695 0.023954
2 0.029505 0.953521 0.0169738
2 0.00653994 0.98816 0.00529989
2 0.00355209 0.993657 0.00279078
2 0.00478772 0.990863 0.00434918
2 0.00778599 0.98646 0.00575378
2 0.0147512 0.970326 0.0149229
2 0.0369093 0.919569 0.0435215
2 0.0270624 0.920357 0.0525807
2 0.0141446 0.958527 0.0273287
2 0.0444934 0.932144 0.0233622
2 0.121453 0.857092 0.0214547
2 0.330196 0.638038 0.0317661
