Secondary Structure Prediction Output by cSVM (Part of BalancedSSP)
TARGET: Q9Y258, Length: 60

SR#  AA  cSVM  pBeta  pCoil  pHelix
1    M   C     0.326  0.346  0.328
2    M   H     0.335  0.318  0.347
3    G   H     0.327  0.299  0.374
4    L   H     0.323  0.284  0.393
5    S   H     0.329  0.297  0.374
6    L   H     0.327  0.302  0.371
7    A   H     0.325  0.316  0.359
8    S   H     0.325  0.322  0.353
9    A   H     0.331  0.321  0.348
10   V   C     0.338  0.342  0.320
11   L   C     0.338  0.356  0.306
12   L   C     0.347  0.355  0.298
13   A   C     0.336  0.372  0.293
14   S   C     0.343  0.380  0.278
15   L   C     0.340  0.381  0.279
16   L   C     0.350  0.376  0.275
17   S   C     0.346  0.379  0.274
18   L   C     0.337  0.395  0.267
19   H   C     0.333  0.403  0.264
20   L   C     0.339  0.397  0.264
21   G   C     0.344  0.391  0.265
22   T   C     0.340  0.385  0.276
23   A   C     0.355  0.375  0.270
24   T   C     0.357  0.375  0.268
25   R   E     0.380  0.356  0.265
26   G   C     0.355  0.375  0.271
27   S   C     0.346  0.387  0.266
28   D   C     0.345  0.393  0.262
29   I   C     0.354  0.384  0.262
30   S   C     0.354  0.383  0.263
31   K   E     0.376  0.364  0.260
32   T   E     0.385  0.322  0.293
33   C   E     0.393  0.286  0.321
34   C   E     0.433  0.270  0.297
35   F   E     0.410  0.305  0.285
36   Q   E     0.389  0.342  0.269
37   Y   C     0.349  0.372  0.279
38   S   C     0.328  0.390  0.282
39   H   C     0.322  0.397  0.281
40   K   C     0.320  0.407  0.273
41   P   C     0.330  0.396  0.274
42   L   E     0.380  0.358  0.262
43   P   E     0.377  0.354  0.269
44   W   E     0.385  0.349  0.265
45   T   E     0.364  0.363  0.273
46   W   E     0.368  0.352  0.281
47   V   E     0.380  0.342  0.277
48   R   E     0.365  0.362  0.274
49   S   E     0.373  0.356  0.271
50   Y   E     0.382  0.352  0.266
51   E   C     0.362  0.364  0.274
52   F   C     0.363  0.372  0.265
53   T   C     0.327  0.397  0.276
54   S   C     0.347  0.381  0.272
55   N   C     0.334  0.381  0.286
56   S   C     0.335  0.377  0.288
57   C   C     0.344  0.357  0.299
58   S   C     0.350  0.370  0.280
59   Q   C     0.351  0.380  0.269
60   R   C     0.341  0.396  0.263
