labels 4 2 1
4 0.745224 0.200996 0.0537805
2 0.469631 0.499165 0.0312039
2 0.296618 0.680825 0.022557
2 0.100525 0.876161 0.0233137
2 0.0555458 0.925211 0.0192434
2 0.0324092 0.944746 0.0228451
2 0.0395857 0.930456 0.0299586
2 0.0468314 0.8864 0.066769
2 0.106545 0.780851 0.112604
2 0.182301 0.633352 0.184348
2 0.260098 0.530587 0.209315
2 0.227121 0.45013 0.32275
2 0.206024 0.482071 0.311905
2 0.149606 0.654034 0.196359
2 0.071871 0.788013 0.140116
2 0.0785159 0.721977 0.199507
2 0.101868 0.690964 0.207168
2 0.0984202 0.765456 0.136124
2 0.0448745 0.893385 0.0617403
2 0.0514598 0.878262 0.0702777
2 0.0912098 0.815738 0.0930526
2 0.117224 0.809609 0.0731671
2 0.0655617 0.88793 0.0465087
2 0.100605 0.836091 0.0633037
2 0.100524 0.83347 0.0660058
2 0.143494 0.817857 0.0386483
2 0.0946728 0.877753 0.0275742
2 0.07624 0.891398 0.0323621
2 0.0547303 0.92092 0.0243494
2 0.0350855 0.924515 0.0403991
2 0.0326863 0.916736 0.0505778
2 0.0339943 0.90603 0.0599754
2 0.0687056 0.806873 0.124422
2 0.180321 0.600792 0.218887
2 0.182779 0.591801 0.22542
2 0.10135 0.760926 0.137724
2 0.139339 0.798196 0.062465
2 0.269206 0.617455 0.113339
2 0.240503 0.676406 0.0830913
2 0.187351 0.753782 0.0588673
2 0.198525 0.757346 0.0441288
2 0.0927584 0.883654 0.0235874
2 0.0754294 0.906127 0.0184437
2 0.0509534 0.921607 0.0274392
2 0.0896856 0.881292 0.0290219
2 0.137658 0.832619 0.0297226
2 0.0986659 0.875423 0.0259112
2 0.0986734 0.884861 0.0164654
2 0.0997064 0.883912 0.0163812
2 0.178441 0.804114 0.0174442
2 0.134261 0.848858 0.0168805
2 0.0797631 0.906534 0.0137028
2 0.0507471 0.935429 0.0138235
2 0.0925904 0.882734 0.0246758
2 0.100258 0.840645 0.0590972
2 0.127011 0.794157 0.0788316
2 0.193364 0.715166 0.0914695
2 0.331029 0.608557 0.0604142
2 0.344574 0.597206 0.0582203
4 0.715506 0.217657 0.0668374
