Secondary Structure Prediction Output by cSVM (Part of BalancedSSP)
TARGET: P14635-1, Length: 60

SR#  AA  cSVM  pBeta  pCoil  pHelix
1    M   E     0.347  0.309  0.344
2    A   H     0.348  0.293  0.359
3    L   H     0.340  0.277  0.383
4    R   H     0.337  0.287  0.375
5    V   H     0.352  0.291  0.356
6    T   H     0.340  0.316  0.344
7    R   E     0.340  0.327  0.333
8    N   C     0.329  0.342  0.330
9    S   E     0.340  0.335  0.325
10   K   E     0.352  0.343  0.305
11   I   C     0.350  0.356  0.294
12   N   C     0.340  0.383  0.278
13   A   C     0.341  0.384  0.275
14   E   C     0.336  0.392  0.272
15   N   C     0.330  0.402  0.268
16   K   C     0.330  0.406  0.264
17   A   C     0.329  0.407  0.264
18   K   C     0.330  0.408  0.262
19   I   C     0.328  0.404  0.268
20   N   C     0.335  0.402  0.263
21   M   C     0.353  0.382  0.265
22   A   E     0.377  0.364  0.259
23   G   C     0.354  0.376  0.269
24   A   C     0.360  0.380  0.261
25   K   C     0.345  0.396  0.259
26   R   C     0.328  0.408  0.264
27   V   C     0.334  0.405  0.261
28   P   C     0.334  0.403  0.262
29   T   C     0.337  0.396  0.267
30   A   C     0.339  0.391  0.270
31   P   C     0.359  0.372  0.269
32   A   C     0.357  0.367  0.276
33   A   C     0.354  0.369  0.277
34   T   C     0.340  0.382  0.278
35   S   C     0.336  0.389  0.275
36   K   C     0.336  0.391  0.273
37   P   C     0.347  0.386  0.267
38   G   C     0.344  0.393  0.263
39   L   C     0.338  0.397  0.265
40   R   C     0.332  0.407  0.261
41   P   C     0.328  0.411  0.261
42   R   C     0.338  0.402  0.259
43   T   C     0.335  0.400  0.266
44   A   C     0.337  0.393  0.270
45   L   E     0.369  0.359  0.271
46   G   C     0.358  0.369  0.272
47   D   E     0.374  0.354  0.272
48   I   C     0.353  0.363  0.284
49   G   C     0.334  0.384  0.282
50   N   C     0.335  0.395  0.270
51   K   C     0.343  0.393  0.264
52   V   C     0.320  0.410  0.270
53   S   C     0.314  0.417  0.269
54   E   C     0.322  0.405  0.273
55   Q   C     0.319  0.407  0.274
56   L   C     0.324  0.406  0.271
57   Q   C     0.331  0.402  0.267
58   A   C     0.339  0.396  0.264
59   K   C     0.335  0.399  0.266
60   M   C     0.328  0.406  0.266
