Secondary Structure Prediction Output (Part of REGAd3p ASA Prediction)
TARGET: P14635-1, Length: 60

SR#  AA  SSp  pCoil          pBeta          pHelix
1    M   E    0.243185       0.692595       0.0642201
2    A   E    0.113986       0.865012       0.0210011
3    L   E    0.0903974      0.864853       0.0447492
4    R   E    0.0724232      0.889726       0.037851
5    V   E    0.0798139      0.846263       0.0739236
6    T   E    0.0861466      0.846922       0.0669317
7    R   E    0.127345       0.79519        0.0774648
8    N   E    0.296781       0.621084       0.0821357
9    S   E    0.405086       0.516565       0.0783487
10   K   E    0.32787        0.604198       0.0679315
11   I   E    0.167942       0.762295       0.0697628
12   N   E    0.215728       0.700668       0.0836046
13   A   E    0.219889       0.617763       0.162348
14   E   E    0.206078       0.644091       0.149831
15   N   E    0.277825       0.578302       0.143873
16   K   E    0.374001       0.460831       0.165168
17   A   E    0.326688       0.529802       0.143509
18   K   E    0.327357       0.565247       0.107396
19   I   E    0.25349        0.592436       0.154074
20   N   E    0.282138       0.541096       0.176766
21   M   E    0.208117       0.604412       0.18747
22   A   E    0.216981       0.540929       0.242091
23   G   E    0.298297       0.438068       0.263635
24   A   E    0.369306       0.439119       0.191574
25   K   E    0.356415       0.505587       0.137998
26   R   E    0.400006       0.514474       0.0855198
27   V   E    0.407152       0.501673       0.0911752
28   P   E    0.392318       0.464686       0.142997
29   T   E    0.261321       0.571416       0.167264
30   A   E    0.320371       0.462958       0.216671
31   P   E    0.208999       0.484375       0.306626
32   A   E    0.15892        0.488657       0.352423
33   A   E    0.194874       0.525334       0.279792
34   T   E    0.235339       0.499185       0.265476
35   S   E    0.270276       0.528799       0.200925
36   K   E    0.354604       0.458193       0.187202
37   P   E    0.30553        0.520369       0.174102
38   G   E    0.316497       0.518431       0.165072
39   L   E    0.308269       0.41459        0.277142
40   R   E    0.348697       0.457601       0.193702
41   P   E    0.390948       0.438569       0.170483
42   R   E    0.421302       0.463209       0.115489
43   T   E    0.283605       0.643606       0.072789
44   A   E    0.291932       0.648644       0.0594233
45   L   E    0.123381       0.799672       0.076947
46   G   E    0.0738883      0.882148       0.0439635
47   D   E    0.0373362      0.927477       0.0351873
48   I   E    0.0130996      0.957214       0.0296867
49   G   E    0.0350126      0.915588       0.049399
50   N   E    0.0764466      0.803952       0.119601
51   K   E    0.103394       0.732837       0.163768
52   V   E    0.106229       0.589547       0.304225
53   S   E    0.117588       0.492389       0.390024
54   E   H    0.134016       0.322616       0.543368
55   Q   H    0.209465       0.295846       0.494689
56   L   H    0.215534       0.222517       0.56195
57   Q   H    0.296472       0.306039       0.397489
58   A   C    0.430473       0.291853       0.277674
59   K   C    0.631614       0.252868       0.115519
60   M   C    0.756006       0.13005        0.113944
END
