labels 4 2 1
2 0.243185 0.692595 0.0642201
2 0.113986 0.865012 0.0210011
2 0.0903974 0.864853 0.0447492
2 0.0724232 0.889726 0.037851
2 0.0798139 0.846263 0.0739236
2 0.0861466 0.846922 0.0669317
2 0.127345 0.79519 0.0774648
2 0.296781 0.621084 0.0821357
2 0.405086 0.516565 0.0783487
2 0.32787 0.604198 0.0679315
2 0.167942 0.762295 0.0697628
2 0.215728 0.700668 0.0836046
2 0.219889 0.617763 0.162348
2 0.206078 0.644091 0.149831
2 0.277825 0.578302 0.143873
2 0.374001 0.460831 0.165168
2 0.326688 0.529802 0.143509
2 0.327357 0.565247 0.107396
2 0.25349 0.592436 0.154074
2 0.282138 0.541096 0.176766
2 0.208117 0.604412 0.18747
2 0.216981 0.540929 0.242091
2 0.298297 0.438068 0.263635
2 0.369306 0.439119 0.191574
2 0.356415 0.505587 0.137998
2 0.400006 0.514474 0.0855198
2 0.407152 0.501673 0.0911752
2 0.392318 0.464686 0.142997
2 0.261321 0.571416 0.167264
2 0.320371 0.462958 0.216671
2 0.208999 0.484375 0.306626
2 0.15892 0.488657 0.352423
2 0.194874 0.525334 0.279792
2 0.235339 0.499185 0.265476
2 0.270276 0.528799 0.200925
2 0.354604 0.458193 0.187202
2 0.30553 0.520369 0.174102
2 0.316497 0.518431 0.165072
2 0.308269 0.41459 0.277142
2 0.348697 0.457601 0.193702
2 0.390948 0.438569 0.170483
2 0.421302 0.463209 0.115489
2 0.283605 0.643606 0.072789
2 0.291932 0.648644 0.0594233
2 0.123381 0.799672 0.076947
2 0.0738883 0.882148 0.0439635
2 0.0373362 0.927477 0.0351873
2 0.0130996 0.957214 0.0296867
2 0.0350126 0.915588 0.049399
2 0.0764466 0.803952 0.119601
2 0.103394 0.732837 0.163768
2 0.106229 0.589547 0.304225
2 0.117588 0.492389 0.390024
1 0.134016 0.322616 0.543368
1 0.209465 0.295846 0.494689
1 0.215534 0.222517 0.56195
1 0.296472 0.306039 0.397489
4 0.430473 0.291853 0.277674
4 0.631614 0.252868 0.115519
4 0.756006 0.13005 0.113944
