labels 4 2 1
4 0.544756 0.409959 0.0452841
2 0.303737 0.653854 0.0424091
2 0.259245 0.655304 0.0854505
2 0.133895 0.769222 0.0968831
2 0.0744649 0.676211 0.249324
2 0.0679294 0.679415 0.252656
1 0.140945 0.401529 0.457527
1 0.139923 0.276263 0.583814
1 0.12322 0.33967 0.53711
1 0.112844 0.344837 0.542319
1 0.093908 0.275085 0.631007
1 0.0677639 0.35881 0.573426
1 0.110586 0.299352 0.590062
1 0.138622 0.218275 0.643104
1 0.186616 0.229314 0.584069
1 0.250314 0.325488 0.424198
2 0.280177 0.435788 0.284036
2 0.334268 0.420818 0.244914
2 0.372386 0.408515 0.219099
2 0.390857 0.438523 0.170619
2 0.381661 0.39779 0.220549
2 0.235943 0.441017 0.32304
2 0.187942 0.416329 0.39573
1 0.182849 0.314053 0.503098
2 0.152062 0.427097 0.420841
1 0.114236 0.401874 0.48389
1 0.150597 0.384155 0.465247
1 0.274149 0.278428 0.447423
1 0.276548 0.262506 0.460946
1 0.213817 0.251661 0.534522
1 0.177123 0.297727 0.52515
1 0.220593 0.283569 0.495838
1 0.302151 0.281288 0.416561
1 0.324829 0.280534 0.394637
4 0.368724 0.336468 0.294808
2 0.27309 0.4033 0.32361
2 0.24849 0.428467 0.323043
2 0.270589 0.387904 0.341507
2 0.245248 0.417588 0.337164
2 0.278471 0.518037 0.203492
2 0.285771 0.568068 0.146161
2 0.238047 0.644607 0.117347
2 0.11479 0.791602 0.093608
2 0.0652411 0.84407 0.090689
2 0.0807983 0.810954 0.108248
2 0.10621 0.785402 0.108388
2 0.123248 0.757137 0.119615
2 0.233759 0.697384 0.0688571
2 0.325083 0.641439 0.0334776
2 0.371275 0.609162 0.0195631
2 0.465866 0.508329 0.0258042
2 0.397382 0.567512 0.0351058
2 0.380862 0.574519 0.0446191
2 0.32977 0.631973 0.0382569
2 0.317507 0.630627 0.0518663
2 0.354411 0.60843 0.0371585
2 0.411132 0.546377 0.0424909
2 0.475731 0.481389 0.0428798
4 0.683824 0.272002 0.0441749
4 0.724218 0.198983 0.0767997
