labels 4 2 1
4 0.787385 0.0800171 0.132598
4 0.515093 0.279705 0.205203
2 0.267481 0.395426 0.337093
2 0.0972607 0.506246 0.396493
2 0.0405472 0.69495 0.264503
2 0.0226209 0.748547 0.228832
2 0.0235483 0.775708 0.200743
2 0.0312362 0.816553 0.152211
2 0.0672097 0.806507 0.126283
2 0.0891535 0.713888 0.196959
2 0.187773 0.544541 0.267686
2 0.286685 0.493271 0.220044
2 0.267514 0.427199 0.305287
2 0.245495 0.451009 0.303496
2 0.248108 0.530388 0.221504
2 0.253596 0.443211 0.303193
2 0.282398 0.408581 0.309021
1 0.334888 0.28157 0.383542
1 0.282038 0.210148 0.507814
1 0.345452 0.221294 0.433254
1 0.345711 0.260281 0.394008
1 0.259388 0.277275 0.463337
2 0.343165 0.381981 0.274854
2 0.347877 0.432119 0.220005
2 0.381741 0.438513 0.179745
2 0.375415 0.492627 0.131958
2 0.421067 0.467657 0.111276
4 0.522891 0.290293 0.186817
4 0.70586 0.199637 0.0945023
4 0.770681 0.108357 0.120962
4 0.606965 0.0911185 0.301916
1 0.441491 0.109707 0.448801
4 0.431364 0.145829 0.422806
4 0.640723 0.138724 0.220553
4 0.485766 0.309909 0.204324
2 0.283588 0.604963 0.111449
2 0.174561 0.729456 0.0959829
2 0.357745 0.546154 0.0961003
4 0.44924 0.418798 0.131962
4 0.680087 0.224883 0.0950292
4 0.604931 0.281645 0.113423
2 0.410832 0.450568 0.138599
2 0.242799 0.655037 0.102164
2 0.115076 0.818724 0.0661996
2 0.0828613 0.87683 0.040309
2 0.102713 0.866797 0.03049
2 0.129669 0.833416 0.0369151
2 0.202255 0.761582 0.0361627
2 0.303177 0.655261 0.0415616
2 0.18638 0.794863 0.0187565
2 0.268246 0.71632 0.0154336
4 0.545257 0.44432 0.0104235
4 0.744997 0.22986 0.0251428
4 0.658941 0.239185 0.101874
4 0.551138 0.247284 0.201578
4 0.455635 0.380808 0.163556
2 0.397435 0.505441 0.0971234
2 0.469434 0.489494 0.0410718
4 0.735096 0.232571 0.0323329
4 0.830428 0.121873 0.0476998
