Secondary Structure Prediction Output (Part of REGAd3p ASA Prediction)
TARGET: Q16186, Length: 60

SR#  AA  SSp  pCoil          pBeta          pHelix
1    M   C    0.709414       0.184695       0.10589
2    T   E    0.401652       0.476696       0.121652
3    T   E    0.211528       0.616767       0.171705
4    S   E    0.153316       0.677466       0.169218
5    G   E    0.0943864      0.816506       0.0891079
6    A   E    0.0604702      0.892118       0.0474121
7    L   E    0.0252677      0.941524       0.0332086
8    F   E    0.0220956      0.939484       0.0384204
9    P   E    0.0751166      0.856043       0.0688403
10   S   E    0.182427       0.719908       0.0976648
11   L   E    0.160522       0.713803       0.125675
12   V   E    0.249688       0.648291       0.102021
13   P   E    0.319343       0.501636       0.179021
14   G   E    0.395015       0.433822       0.171163
15   S   E    0.264084       0.58099        0.154927
16   R   E    0.330645       0.514472       0.154884
17   G   E    0.438646       0.451984       0.10937
18   A   C    0.455105       0.441034       0.103861
19   S   E    0.344611       0.591929       0.06346
20   N   E    0.311578       0.624858       0.0635641
21   K   E    0.220116       0.749434       0.0304494
22   Y   E    0.0809291      0.899329       0.0197415
23   L   E    0.0254067      0.953728       0.0208658
24   V   E    0.00842879     0.968815       0.0227565
25   E   E    0.00602912     0.95427        0.0397007
26   F   E    0.00497291     0.945548       0.0494787
27   R   E    0.00960714     0.953289       0.0371038
28   A   E    0.0236814      0.906672       0.0696463
29   G   E    0.0451993      0.91555        0.0392505
30   K   E    0.0994851      0.866072       0.0344432
31   M   E    0.0832696      0.884556       0.0321743
32   S   E    0.108542       0.867837       0.0236212
33   L   E    0.145638       0.808046       0.0463159
34   K   E    0.113984       0.858319       0.0276976
35   G   E    0.183696       0.780438       0.0358659
36   T   E    0.134399       0.847766       0.0178354
37   T   E    0.0672456      0.916148       0.0166065
38   V   E    0.0249105      0.964684       0.0104054
39   T   E    0.0309762      0.954366       0.0146582
40   P   E    0.0388555      0.93303        0.0281146
41   D   E    0.0634781      0.889974       0.0465477
42   K   E    0.0555172      0.886582       0.0579007
43   R   E    0.1006         0.84861        0.0507901
44   K   E    0.116478       0.844965       0.0385567
45   G   E    0.0960458      0.881756       0.0221981
46   L   E    0.0588481      0.917923       0.0232293
47   V   E    0.0428113      0.935519       0.02167
48   Y   E    0.0362322      0.933336       0.0304316
49   I   E    0.0511043      0.89271        0.0561859
50   Q   E    0.0641657      0.884012       0.051822
51   Q   E    0.0920746      0.824619       0.083306
52   T   E    0.126013       0.771478       0.102509
53   D   E    0.107412       0.790065       0.102523
54   D   E    0.116673       0.793932       0.0893948
55   S   E    0.154692       0.779647       0.0656608
56   L   E    0.0907804      0.821267       0.0879525
57   I   E    0.0660529      0.853392       0.0805548
58   H   E    0.0713898      0.849716       0.0788942
59   F   E    0.0999725      0.775391       0.124637
60   C   E    0.223655       0.603209       0.173136
END
