Secondary Structure Prediction Output by cSVM (Part of BalancedSSP)
TARGET: Q16186, Length: 60

SR#  AA  cSVM  pBeta  pCoil  pHelix
1    M   C     0.319  0.351  0.330
2    T   H     0.340  0.309  0.351
3    T   H     0.329  0.280  0.391
4    S   H     0.311  0.278  0.411
5    G   H     0.314  0.277  0.410
6    A   H     0.324  0.281  0.395
7    L   H     0.339  0.285  0.376
8    F   H     0.350  0.291  0.359
9    P   E     0.353  0.316  0.331
10   S   E     0.356  0.337  0.307
11   L   E     0.360  0.354  0.287
12   V   C     0.330  0.388  0.282
13   P   C     0.335  0.390  0.274
14   G   C     0.343  0.387  0.269
15   S   C     0.345  0.384  0.271
16   R   C     0.339  0.394  0.267
17   G   C     0.337  0.399  0.264
18   A   C     0.330  0.404  0.266
19   S   C     0.332  0.407  0.261
20   N   C     0.323  0.413  0.264
21   K   C     0.342  0.398  0.260
22   Y   C     0.349  0.389  0.262
23   L   E     0.386  0.355  0.259
24   V   E     0.395  0.343  0.262
25   E   E     0.408  0.333  0.259
26   F   E     0.391  0.337  0.272
27   R   C     0.356  0.367  0.277
28   A   E     0.363  0.363  0.274
29   G   C     0.349  0.377  0.274
30   K   C     0.349  0.385  0.266
31   M   C     0.347  0.383  0.270
32   S   C     0.331  0.395  0.274
33   L   C     0.348  0.384  0.269
34   K   C     0.339  0.396  0.265
35   G   C     0.338  0.397  0.265
36   T   C     0.350  0.389  0.262
37   T   E     0.388  0.361  0.251
38   V   E     0.397  0.354  0.248
39   T   E     0.393  0.359  0.248
40   P   E     0.392  0.357  0.251
41   D   C     0.362  0.374  0.264
42   K   C     0.356  0.377  0.267
43   R   C     0.351  0.381  0.268
44   K   C     0.364  0.374  0.262
45   G   C     0.347  0.382  0.271
46   L   E     0.372  0.363  0.265
47   V   C     0.357  0.375  0.268
48   Y   C     0.352  0.378  0.271
49   I   C     0.351  0.382  0.267
50   Q   C     0.329  0.404  0.268
51   Q   C     0.331  0.401  0.269
52   T   C     0.325  0.405  0.270
53   D   C     0.324  0.407  0.269
54   D   C     0.331  0.389  0.280
55   S   C     0.322  0.392  0.286
56   L   C     0.334  0.384  0.282
57   I   C     0.342  0.384  0.273
58   H   C     0.345  0.381  0.275
59   F   C     0.358  0.364  0.278
60   C   C     0.345  0.379  0.276
