labels 4 2 1
4 0.522151 0.418879 0.0589702
2 0.165045 0.815052 0.0199036
2 0.0836404 0.898483 0.017877
2 0.0436183 0.939966 0.0164153
2 0.0395709 0.947152 0.0132774
2 0.0341265 0.956351 0.00952281
2 0.0114351 0.983159 0.00540553
2 0.00498347 0.991922 0.00309498
2 0.00837487 0.98724 0.0043847
2 0.02253 0.954665 0.0228055
2 0.0478619 0.900755 0.0513831
2 0.0722485 0.787356 0.140395
2 0.0732585 0.796194 0.130547
2 0.0659587 0.77754 0.156501
2 0.0541372 0.773743 0.17212
2 0.0458729 0.781688 0.172439
2 0.0551521 0.828948 0.1159
2 0.0691579 0.848115 0.0827272
2 0.0848237 0.841381 0.0737955
2 0.134699 0.803436 0.0618649
2 0.187051 0.772447 0.0405018
2 0.267663 0.691982 0.0403549
2 0.345627 0.62747 0.0269025
2 0.304536 0.67386 0.0216043
2 0.300355 0.686973 0.0126715
2 0.288489 0.692869 0.018642
2 0.257088 0.727685 0.015227
2 0.28097 0.693671 0.0253592
2 0.299387 0.684651 0.0159614
2 0.334578 0.644335 0.0210872
2 0.295782 0.685775 0.0184439
2 0.192838 0.795093 0.0120693
2 0.186332 0.801457 0.0122114
2 0.186446 0.797245 0.0163089
2 0.232868 0.746805 0.0203263
2 0.272028 0.698518 0.0294543
2 0.225627 0.750623 0.0237499
2 0.305081 0.665901 0.0290173
2 0.336082 0.634756 0.0291614
2 0.344852 0.621626 0.0335227
2 0.305347 0.660428 0.0342256
2 0.253972 0.708833 0.037195
2 0.214411 0.755302 0.0302875
2 0.249057 0.697529 0.0534148
2 0.229203 0.666812 0.103986
2 0.254354 0.656465 0.0891809
2 0.289933 0.645483 0.0645846
2 0.296872 0.663802 0.0393252
2 0.389858 0.587354 0.0227879
2 0.36078 0.614631 0.0245889
2 0.314205 0.659505 0.0262904
2 0.302268 0.667882 0.0298504
2 0.344087 0.615954 0.0399596
2 0.320241 0.629319 0.0504396
2 0.287873 0.661745 0.0503818
2 0.219609 0.738141 0.0422502
2 0.224346 0.722846 0.0528088
2 0.265025 0.689432 0.0455422
2 0.36589 0.585998 0.0481116
4 0.603597 0.344687 0.0517161
