labels 4 2 1
2 0.4253 0.558801 0.0158983
2 0.351865 0.640585 0.00754922
2 0.226083 0.761138 0.0127789
2 0.0789435 0.911563 0.00949303
2 0.0339153 0.959084 0.0070004
2 0.0678126 0.923385 0.00880202
2 0.0973305 0.896249 0.00642072
2 0.0897059 0.903079 0.0072151
2 0.101724 0.885022 0.0132537
2 0.0777446 0.913501 0.00875489
2 0.128294 0.857569 0.0141368
2 0.20011 0.788095 0.0117958
2 0.227748 0.760229 0.0120228
2 0.33192 0.652611 0.015469
2 0.237334 0.756389 0.00627657
2 0.153812 0.832554 0.0136336
2 0.106311 0.878692 0.0149963
2 0.10988 0.867231 0.0228889
2 0.265159 0.692384 0.0424569
2 0.207878 0.764142 0.0279805
2 0.130848 0.846448 0.0227047
2 0.148541 0.832069 0.0193897
2 0.240701 0.741028 0.018271
2 0.21118 0.769733 0.0190872
2 0.0486514 0.936881 0.0144677
2 0.00920266 0.986584 0.00421299
2 0.00151163 0.997511 0.000977861
2 0.00143714 0.997699 0.000864315
2 0.00693674 0.990283 0.00278069
2 0.0436772 0.946587 0.00973567
2 0.0858287 0.905048 0.00912305
2 0.171226 0.822002 0.00677149
2 0.210175 0.783622 0.00620296
2 0.110289 0.885336 0.00437494
2 0.112593 0.879533 0.00787367
2 0.154737 0.829503 0.0157594
2 0.0540788 0.931434 0.0144876
2 0.00955161 0.984496 0.00595261
2 0.0179318 0.970225 0.0118433
2 0.0453957 0.938751 0.0158533
2 0.046908 0.933872 0.0192204
2 0.0930448 0.883083 0.0238724
2 0.201447 0.770705 0.0278477
2 0.339363 0.626216 0.034421
2 0.219822 0.743363 0.0368153
2 0.243168 0.735629 0.0212022
2 0.318136 0.666799 0.0150655
2 0.206561 0.78344 0.00999917
2 0.166313 0.829808 0.00387859
2 0.328702 0.669078 0.00221988
2 0.2729 0.725888 0.00121188
2 0.203346 0.794607 0.00204704
2 0.0810421 0.914788 0.00416966
2 0.0414182 0.951978 0.00660335
2 0.0119903 0.983718 0.00429123
2 0.0130839 0.983829 0.00308713
2 0.0464696 0.947478 0.00605215
2 0.223071 0.764772 0.0121572
4 0.507045 0.472632 0.0203233
4 0.70077 0.278036 0.0211948
