labels 4 2 1
4 0.521746 0.342324 0.13593
2 0.222011 0.665423 0.112565
2 0.15639 0.717256 0.126354
2 0.0812932 0.808786 0.109921
2 0.0342932 0.907177 0.0585295
2 0.0262642 0.918291 0.0554449
2 0.0493885 0.863329 0.0872828
2 0.111239 0.759713 0.129047
2 0.159933 0.681045 0.159021
2 0.185685 0.621152 0.193162
2 0.136172 0.514854 0.348974
1 0.129294 0.423619 0.447087
1 0.0581274 0.30051 0.641363
1 0.0628526 0.257487 0.67966
1 0.0772373 0.394056 0.528707
2 0.122906 0.493997 0.383098
2 0.141039 0.53288 0.326081
2 0.192992 0.502386 0.304622
2 0.200135 0.430754 0.36911
1 0.271964 0.353628 0.374408
2 0.300578 0.439764 0.259658
2 0.227999 0.594243 0.177758
2 0.228348 0.609678 0.161974
2 0.0725599 0.694327 0.233113
2 0.0219935 0.874101 0.103906
2 0.0130151 0.915893 0.0710915
2 0.0187134 0.895718 0.0855687
2 0.0421757 0.814085 0.143739
2 0.0757581 0.72949 0.194752
2 0.101712 0.723494 0.174794
2 0.091382 0.784765 0.123853
2 0.0668347 0.79843 0.134736
2 0.0851296 0.737546 0.177324
2 0.0813012 0.726245 0.192454
2 0.0582106 0.828898 0.112891
2 0.0600322 0.86806 0.0719076
2 0.0827887 0.858211 0.0590006
2 0.0594523 0.887459 0.0530883
2 0.086391 0.839555 0.0740543
2 0.104807 0.817102 0.0780909
2 0.102134 0.81148 0.0863865
2 0.07699 0.807975 0.115035
2 0.0656073 0.76951 0.164883
2 0.084051 0.616203 0.299746
2 0.22574 0.505096 0.269165
2 0.207982 0.559691 0.232327
2 0.248683 0.585149 0.166168
2 0.142039 0.610862 0.247099
2 0.151535 0.638041 0.210424
2 0.153059 0.639112 0.207829
2 0.153362 0.640779 0.20586
2 0.119767 0.759378 0.120855
2 0.119906 0.797547 0.082547
2 0.0930279 0.84622 0.0607526
2 0.0939428 0.842993 0.0630645
2 0.105498 0.81717 0.0773321
2 0.186294 0.716437 0.097269
2 0.226648 0.661458 0.111894
2 0.354123 0.554937 0.0909407
4 0.621714 0.290532 0.087754
