Secondary Structure Prediction Output by cSVM (Part of BalancedSSP)
TARGET: Q04656-1, Length: 60

SR#  AA  cSVM  pBeta  pCoil  pHelix
1    M   C     0.334  0.344  0.322
2    D   H     0.339  0.318  0.343
3    P   H     0.332  0.298  0.371
4    S   H     0.347  0.293  0.360
5    M   E     0.364  0.303  0.333
6    G   E     0.351  0.321  0.327
7    V   E     0.351  0.313  0.337
8    N   E     0.343  0.329  0.328
9    S   E     0.375  0.320  0.305
10   V   E     0.375  0.333  0.292
11   T   E     0.366  0.356  0.279
12   I   E     0.367  0.357  0.276
13   S   C     0.348  0.378  0.274
14   V   C     0.355  0.364  0.282
15   E   C     0.356  0.365  0.280
16   G   C     0.348  0.372  0.279
17   M   E     0.368  0.351  0.281
18   T   E     0.378  0.341  0.281
19   C   C     0.352  0.361  0.287
20   N   C     0.350  0.373  0.276
21   S   E     0.368  0.358  0.274
22   C   E     0.384  0.344  0.272
23   V   E     0.363  0.362  0.275
24   W   E     0.380  0.353  0.267
25   T   E     0.386  0.348  0.266
26   I   E     0.364  0.354  0.282
27   E   E     0.389  0.338  0.273
28   Q   C     0.356  0.368  0.276
29   Q   C     0.349  0.375  0.276
30   I   C     0.361  0.361  0.278
31   G   C     0.341  0.371  0.288
32   K   C     0.332  0.386  0.282
33   V   C     0.345  0.369  0.286
34   N   C     0.348  0.370  0.282
35   G   E     0.368  0.358  0.274
36   V   E     0.365  0.363  0.272
37   H   C     0.364  0.365  0.272
38   H   C     0.361  0.373  0.266
39   I   C     0.354  0.376  0.270
40   K   C     0.367  0.370  0.264
41   V   E     0.389  0.347  0.264
42   S   E     0.367  0.360  0.273
43   L   E     0.387  0.344  0.269
44   E   E     0.365  0.365  0.270
45   E   C     0.337  0.389  0.273
46   K   C     0.328  0.403  0.269
47   N   C     0.328  0.402  0.270
48   A   C     0.339  0.388  0.273
49   T   C     0.346  0.386  0.268
50   I   C     0.360  0.372  0.268
51   I   C     0.353  0.380  0.267
52   Y   C     0.349  0.383  0.268
53   D   C     0.330  0.403  0.267
54   P   C     0.350  0.387  0.264
55   K   C     0.350  0.390  0.260
56   L   C     0.357  0.386  0.257
57   Q   C     0.337  0.401  0.263
58   T   C     0.337  0.401  0.262
59   P   C     0.343  0.396  0.261
60   K   C     0.341  0.397  0.263
