labels 4 2 1
2 0.437891 0.560635 0.00147351
2 0.481806 0.517128 0.00106577
2 0.364921 0.634361 0.000718282
2 0.207274 0.79243 0.000295923
2 0.123066 0.876783 0.000150656
2 0.140507 0.859345 0.000148036
2 0.146372 0.853394 0.000233956
2 0.199163 0.800484 0.000352848
2 0.216073 0.783529 0.000398065
2 0.141183 0.858511 0.000306131
2 0.0549059 0.944962 0.000131929
2 0.0484119 0.951464 0.000124244
2 0.0986956 0.901091 0.000212983
2 0.165266 0.834285 0.000448913
2 0.151129 0.848171 0.000700842
2 0.145976 0.853466 0.000557607
2 0.079481 0.920196 0.000322871
2 0.0765193 0.923103 0.000377877
2 0.105908 0.893578 0.000514058
2 0.204957 0.794137 0.000905355
2 0.248439 0.75033 0.00123085
2 0.154996 0.844237 0.000767248
2 0.103277 0.896179 0.000543927
2 0.0636075 0.935982 0.000410053
2 0.0783174 0.920967 0.000716092
2 0.0891258 0.909911 0.000962812
2 0.107117 0.891419 0.00146396
2 0.114413 0.884348 0.00123938
2 0.123057 0.876158 0.000785387
2 0.138459 0.860806 0.000735021
2 0.177605 0.821858 0.000536265
2 0.189829 0.809718 0.000453241
2 0.203365 0.796111 0.00052415
2 0.164496 0.835101 0.000403111
2 0.149807 0.8498 0.000392711
2 0.110411 0.889294 0.000295262
2 0.0974351 0.902266 0.000298961
2 0.113535 0.886131 0.000334056
2 0.12789 0.871782 0.00032875
2 0.187013 0.812672 0.000314346
2 0.207037 0.792605 0.000358204
2 0.175044 0.824699 0.000257156
2 0.1648 0.834961 0.000239141
2 0.137495 0.862293 0.000211496
2 0.125833 0.873925 0.00024242
2 0.169953 0.829732 0.000314144
2 0.204169 0.795334 0.000496282
2 0.180627 0.818786 0.000587346
2 0.120087 0.879492 0.000420618
2 0.0825642 0.91714 0.000295521
2 0.100136 0.899541 0.000323379
2 0.141816 0.857711 0.000472568
2 0.207205 0.792245 0.000549823
2 0.268777 0.730523 0.00069961
2 0.272704 0.726686 0.000609912
2 0.131933 0.86758 0.000487718
2 0.0752629 0.924404 0.000333045
2 0.166488 0.83303 0.000482487
2 0.326662 0.672556 0.000782579
2 0.396693 0.602212 0.00109526
