labels 4 2 1
4 0.643524 0.175794 0.180682
2 0.423152 0.439104 0.137743
2 0.333826 0.514836 0.151338
2 0.259157 0.601919 0.138924
2 0.186598 0.599393 0.214009
2 0.129765 0.676955 0.19328
2 0.0675784 0.767288 0.165133
2 0.0993801 0.799126 0.101494
2 0.247639 0.632029 0.120332
2 0.243452 0.6692 0.0873479
2 0.166344 0.77249 0.0611661
2 0.163279 0.787345 0.049376
2 0.178342 0.716778 0.104879
2 0.158157 0.709218 0.132625
2 0.163564 0.691987 0.144449
2 0.16834 0.710242 0.121418
2 0.155948 0.71913 0.124922
2 0.12457 0.748137 0.127293
2 0.123837 0.795994 0.0801694
2 0.187931 0.74228 0.069789
2 0.0974984 0.827728 0.0747735
2 0.0662243 0.889101 0.0446743
2 0.0590261 0.902778 0.0381962
2 0.0522508 0.901492 0.0462572
2 0.0821879 0.838429 0.0793834
2 0.0677207 0.837134 0.095145
2 0.0439863 0.908516 0.0474978
2 0.033112 0.949271 0.0176169
2 0.0155177 0.96777 0.0167125
2 0.0138701 0.96764 0.0184898
2 0.0242624 0.956384 0.0193536
2 0.0375235 0.942437 0.0200392
2 0.041238 0.936383 0.0223794
2 0.0332046 0.923582 0.0432133
2 0.0465412 0.852465 0.100994
2 0.0368468 0.834794 0.12836
2 0.0204979 0.8856 0.0939025
2 0.0229176 0.800602 0.176481
2 0.0414758 0.668887 0.289637
2 0.0360667 0.652762 0.311172
2 0.0256619 0.797411 0.176927
2 0.0597761 0.721265 0.218959
2 0.112944 0.665231 0.221825
2 0.217042 0.57944 0.203518
2 0.166331 0.681305 0.152364
2 0.24031 0.575073 0.184617
2 0.15287 0.706621 0.140509
2 0.157227 0.758043 0.0847294
2 0.153432 0.787297 0.0592711
2 0.156144 0.773296 0.0705598
2 0.077604 0.822207 0.100189
2 0.0589117 0.824099 0.11699
2 0.0852902 0.761739 0.152971
2 0.0910958 0.749978 0.158927
2 0.114256 0.699868 0.185876
2 0.223906 0.589062 0.187032
2 0.306031 0.528761 0.165209
2 0.409646 0.47944 0.110914
4 0.551348 0.364662 0.0839909
4 0.748403 0.169743 0.0818537
