labels 4 2 1
4 0.600846 0.351389 0.0477656
2 0.332451 0.633015 0.0345342
2 0.334565 0.627873 0.0375629
2 0.0880001 0.878501 0.0334991
2 0.0314383 0.950906 0.017656
2 0.035609 0.953356 0.0110351
2 0.0780374 0.907363 0.0145996
2 0.04404 0.94944 0.00652001
2 0.0929103 0.89461 0.0124795
2 0.0954567 0.893002 0.0115413
2 0.164938 0.823343 0.0117183
2 0.123278 0.864335 0.0123867
2 0.0823879 0.911861 0.00575137
2 0.0836477 0.912703 0.00364911
2 0.0858581 0.90748 0.00666205
2 0.0516957 0.938261 0.0100436
2 0.0381163 0.953492 0.00839134
2 0.0319057 0.962045 0.00604917
2 0.0172412 0.979742 0.0030165
2 0.0308139 0.966338 0.0028484
2 0.0735572 0.922642 0.00380064
2 0.163981 0.829851 0.00616716
2 0.178599 0.815834 0.00556653
2 0.118217 0.876987 0.00479603
2 0.0794766 0.91771 0.0028131
2 0.0923416 0.904873 0.00278586
2 0.0543632 0.943152 0.00248441
2 0.0774904 0.920382 0.00212726
2 0.0730885 0.925216 0.0016958
2 0.107969 0.88997 0.00206043
2 0.127519 0.868738 0.00374261
2 0.0868712 0.909016 0.00411282
2 0.0998087 0.894367 0.00582438
2 0.0898417 0.90394 0.00621835
2 0.104336 0.884973 0.0106904
2 0.0745466 0.913758 0.0116955
2 0.156645 0.830276 0.0130791
2 0.138164 0.854515 0.00732149
2 0.0979414 0.894924 0.00713448
2 0.0876074 0.904115 0.00827804
2 0.14153 0.853366 0.00510469
2 0.176825 0.817379 0.00579649
2 0.194223 0.799079 0.00669808
2 0.123784 0.871251 0.00496468
2 0.155883 0.839318 0.00479922
2 0.173555 0.82237 0.00407518
2 0.196011 0.79967 0.0043191
2 0.138564 0.858101 0.00333497
2 0.0904394 0.907271 0.00229006
2 0.235214 0.760937 0.00384839
2 0.26941 0.725536 0.00505368
2 0.131842 0.864883 0.00327471
2 0.133052 0.858647 0.00830169
2 0.135195 0.857434 0.00737127
2 0.175206 0.813764 0.0110302
2 0.16688 0.82049 0.01263
2 0.111371 0.880003 0.00862636
2 0.20136 0.783696 0.0149434
2 0.332723 0.654313 0.0129637
4 0.523821 0.454849 0.0213295
