labels 4 2 1
4 0.622845 0.301222 0.0759333
2 0.410317 0.507709 0.0819736
2 0.262011 0.614552 0.123438
2 0.148467 0.779448 0.0720855
2 0.142954 0.715456 0.14159
2 0.103695 0.758226 0.13808
2 0.109549 0.765316 0.125135
2 0.21758 0.664177 0.118243
2 0.258874 0.637424 0.103702
2 0.263384 0.523965 0.212652
2 0.198454 0.614512 0.187033
2 0.176762 0.740791 0.082447
2 0.267397 0.674719 0.0578844
2 0.277101 0.662005 0.0608938
2 0.234774 0.726672 0.0385537
2 0.415492 0.546826 0.0376827
4 0.511079 0.447682 0.0412391
2 0.399612 0.575608 0.02478
2 0.278683 0.699417 0.0218999
2 0.245719 0.737318 0.0169627
2 0.320662 0.667883 0.0114545
2 0.375802 0.61047 0.013728
2 0.229545 0.753763 0.0166913
2 0.302566 0.68002 0.0174135
2 0.199663 0.775561 0.0247758
2 0.106627 0.878267 0.015106
2 0.191049 0.786011 0.0229401
2 0.231379 0.73849 0.0301308
2 0.248395 0.722819 0.0287865
2 0.335757 0.63308 0.0311628
2 0.316363 0.65902 0.0246168
2 0.226816 0.750297 0.022887
2 0.216444 0.769455 0.0141013
2 0.265699 0.726191 0.00810933
2 0.361899 0.631697 0.0064049
2 0.387404 0.602962 0.0096339
2 0.23839 0.753375 0.0082352
2 0.131812 0.863185 0.00500259
2 0.0533404 0.943818 0.00284148
2 0.0207243 0.977396 0.00187938
2 0.0448473 0.952571 0.00258194
2 0.0704517 0.926274 0.0032742
2 0.0638149 0.9325 0.00368544
2 0.062616 0.931067 0.00631704
2 0.0853629 0.906865 0.00777159
2 0.123301 0.858608 0.0180913
2 0.179747 0.760892 0.0593613
2 0.287178 0.648028 0.0647935
2 0.271255 0.653183 0.0755624
2 0.243868 0.693301 0.0628305
2 0.209678 0.737037 0.0532845
2 0.233377 0.716578 0.0500441
2 0.150426 0.807438 0.0421367
2 0.149766 0.792331 0.0579032
2 0.132691 0.79065 0.0766599
2 0.0882231 0.851727 0.0600496
2 0.0477269 0.927392 0.0248816
2 0.0312899 0.949342 0.0193684
2 0.120248 0.826956 0.052796
2 0.411674 0.505204 0.0831216
