labels 4 2 1
2 0.0576509 0.881304 0.0610453
2 0.00373043 0.984731 0.0115389
2 0.00178803 0.990272 0.00794011
2 1.27633e-05 0.996387 0.00360002
2 1.7016e-06 0.998645 0.00135292
2 8.7815e-06 0.996799 0.00319257
2 5.92904e-05 0.991563 0.00837794
2 0.000801737 0.967504 0.0316943
2 0.00424079 0.937096 0.0586636
2 0.014049 0.926172 0.0597788
2 0.042652 0.908974 0.0483737
2 0.0886101 0.862577 0.0488127
2 0.0449515 0.895738 0.05931
2 0.021606 0.947426 0.0309681
2 0.00694861 0.954775 0.0382769
2 0.00234693 0.962696 0.0349574
2 0.00207278 0.968524 0.0294028
2 0.000708666 0.969625 0.0296667
2 0.0032259 0.978444 0.0183297
2 0.0115917 0.954555 0.0338531
2 0.0413161 0.894637 0.0640467
2 0.0909002 0.758479 0.150621
2 0.107083 0.693 0.199917
2 0.0787702 0.795474 0.125756
2 0.136975 0.758182 0.104842
2 0.216449 0.669643 0.113908
2 0.21584 0.670488 0.113672
2 0.177355 0.746357 0.0762875
2 0.210782 0.724594 0.0646239
2 0.217549 0.728971 0.0534803
2 0.207304 0.723914 0.068782
2 0.144011 0.801747 0.0542416
2 0.214311 0.739323 0.0463658
2 0.221018 0.73273 0.0462519
2 0.268989 0.676391 0.0546207
2 0.248319 0.681923 0.0697576
2 0.431204 0.498206 0.07059
2 0.368792 0.558957 0.0722507
2 0.19639 0.750057 0.0535526
2 0.0954126 0.87826 0.0263276
2 0.110205 0.868214 0.0215804
2 0.121398 0.865498 0.0131038
2 0.161754 0.826049 0.0121969
2 0.144509 0.846234 0.00925709
2 0.17026 0.820457 0.00928224
2 0.217592 0.774626 0.00778138
2 0.232461 0.759684 0.00785439
2 0.218342 0.772651 0.00900653
2 0.257394 0.727358 0.0152477
2 0.317325 0.666432 0.0162431
2 0.3865 0.600493 0.0130071
2 0.235207 0.756684 0.00810833
2 0.142096 0.852413 0.00549127
2 0.181692 0.811979 0.00632828
2 0.194362 0.797385 0.00825256
2 0.165737 0.826396 0.00786714
2 0.165177 0.823438 0.0113842
2 0.202593 0.781208 0.0161992
2 0.317817 0.65894 0.0232422
4 0.503502 0.455405 0.0410927
