Secondary Structure Prediction Output by cSVM (Part of BalancedSSP)
TARGET: P27797, Length: 60

SR#  AA  cSVM  pBeta  pCoil  pHelix
1    M   C     0.320  0.356  0.324
2    L   H     0.319  0.337  0.344
3    L   H     0.314  0.331  0.355
4    S   H     0.312  0.318  0.370
5    V   H     0.314  0.314  0.372
6    P   H     0.314  0.306  0.379
7    L   H     0.328  0.297  0.374
8    L   H     0.329  0.285  0.386
9    L   H     0.328  0.299  0.374
10   G   E     0.339  0.324  0.336
11   L   E     0.344  0.337  0.319
12   L   C     0.342  0.364  0.294
13   G   C     0.342  0.381  0.278
14   L   C     0.335  0.388  0.277
15   A   C     0.339  0.390  0.271
16   V   C     0.334  0.400  0.267
17   A   C     0.323  0.407  0.270
18   E   C     0.322  0.412  0.267
19   P   C     0.327  0.407  0.266
20   A   C     0.337  0.395  0.268
21   V   C     0.363  0.368  0.270
22   Y   E     0.393  0.342  0.265
23   F   E     0.408  0.330  0.262
24   K   E     0.379  0.359  0.262
25   E   E     0.379  0.361  0.260
26   Q   E     0.373  0.367  0.260
27   F   E     0.380  0.352  0.268
28   L   E     0.370  0.364  0.266
29   D   C     0.350  0.370  0.281
30   G   C     0.330  0.375  0.296
31   D   C     0.333  0.367  0.299
32   G   C     0.348  0.366  0.287
33   W   C     0.344  0.374  0.283
34   T   C     0.336  0.388  0.275
35   S   C     0.347  0.379  0.274
36   R   C     0.341  0.385  0.275
37   W   E     0.392  0.343  0.265
38   I   E     0.391  0.344  0.265
39   E   E     0.398  0.342  0.260
40   S   E     0.377  0.357  0.265
41   K   C     0.360  0.367  0.272
42   H   C     0.354  0.365  0.281
43   K   C     0.351  0.365  0.284
44   S   C     0.340  0.377  0.283
45   D   C     0.346  0.370  0.284
46   F   E     0.361  0.352  0.287
47   G   C     0.361  0.364  0.275
48   K   C     0.358  0.371  0.271
49   F   C     0.357  0.368  0.275
50   V   C     0.339  0.387  0.274
51   L   C     0.339  0.384  0.277
52   S   C     0.328  0.392  0.279
53   S   C     0.323  0.393  0.284
54   G   C     0.331  0.383  0.285
55   K   C     0.349  0.376  0.275
56   F   E     0.364  0.362  0.274
57   Y   C     0.349  0.372  0.279
58   G   C     0.335  0.389  0.276
59   D   C     0.336  0.393  0.271
60   E   C     0.324  0.405  0.271
