labels 4 2 1
4 0.729103 0.233922 0.0369749
4 0.608452 0.362169 0.029379
4 0.557557 0.408366 0.0340767
2 0.342763 0.62721 0.0300269
2 0.241041 0.718266 0.0406935
2 0.152596 0.806359 0.0410452
2 0.117404 0.833337 0.0492596
2 0.105587 0.854114 0.0402989
2 0.130581 0.831947 0.037472
2 0.194516 0.771069 0.0344149
2 0.180289 0.788943 0.030768
2 0.188221 0.784209 0.0275702
2 0.297009 0.663561 0.0394306
2 0.228049 0.714837 0.0571138
2 0.143141 0.81684 0.0400188
2 0.116854 0.834504 0.0486421
2 0.156529 0.783654 0.059817
2 0.155543 0.803182 0.0412753
2 0.173812 0.784423 0.0417648
2 0.0932528 0.87911 0.0276374
2 0.0328092 0.951974 0.0152167
2 0.00935167 0.983214 0.00743426
2 0.0108797 0.978312 0.0108086
2 0.0337568 0.944578 0.0216656
2 0.0339355 0.9354 0.0306645
2 0.0272212 0.955953 0.0168255
2 0.028541 0.947309 0.0241499
2 0.0515511 0.898539 0.0499101
2 0.0913903 0.805158 0.103452
2 0.110542 0.647296 0.242162
2 0.102112 0.704476 0.193412
2 0.0770963 0.790843 0.13206
2 0.0531752 0.840081 0.106744
2 0.0755067 0.76779 0.156703
2 0.0997534 0.704264 0.195983
2 0.0726901 0.787712 0.139598
2 0.0171623 0.945108 0.0377294
2 0.0149748 0.949077 0.0359485
2 0.0615491 0.868741 0.06971
2 0.0834067 0.83837 0.078223
2 0.0711503 0.877784 0.0510652
2 0.0578466 0.890129 0.0520242
2 0.0573975 0.8822 0.0604024
2 0.0530335 0.866456 0.0805108
2 0.0390923 0.901898 0.0590098
2 0.0368026 0.913938 0.0492598
2 0.0753138 0.890793 0.0338937
2 0.0744348 0.894651 0.0309141
2 0.0388937 0.94283 0.0182758
2 0.0661527 0.912911 0.0209358
2 0.0830494 0.853963 0.0629876
2 0.0535995 0.888122 0.0582786
2 0.0454335 0.882317 0.0722499
2 0.0355677 0.913085 0.0513475
2 0.032027 0.930465 0.037508
2 0.0127802 0.954556 0.0326643
2 0.020473 0.939417 0.0401096
2 0.131814 0.805015 0.0631708
2 0.329241 0.604479 0.0662802
4 0.590131 0.330402 0.0794675
