labels 4 2 1
4 0.488685 0.488251 0.0230633
2 0.250725 0.732919 0.0163562
2 0.144106 0.84496 0.0109341
2 0.133978 0.860065 0.00595736
2 0.189121 0.805395 0.00548402
2 0.122599 0.872581 0.00481959
2 0.0722276 0.926222 0.00155006
2 0.0838791 0.914955 0.00116572
2 0.149223 0.849382 0.00139574
2 0.117072 0.881717 0.00121132
2 0.0808772 0.918316 0.000806293
2 0.0715804 0.927834 0.000586018
2 0.0573602 0.942176 0.000464124
2 0.0673195 0.932224 0.000456775
2 0.086095 0.913285 0.000620321
2 0.0899814 0.909395 0.000623951
2 0.104617 0.894885 0.000497246
2 0.0708079 0.928852 0.000340337
2 0.0586719 0.941028 0.000299928
2 0.0847449 0.91481 0.00044489
2 0.145385 0.853592 0.00102298
2 0.189681 0.809117 0.00120178
2 0.112178 0.886556 0.00126575
2 0.0707887 0.928676 0.000535427
2 0.0709797 0.928523 0.00049728
2 0.079977 0.919608 0.000414559
2 0.06847 0.930995 0.000535265
2 0.0656289 0.93394 0.000431017
2 0.0940663 0.905359 0.000574242
2 0.0899289 0.909556 0.000514783
2 0.0988752 0.900493 0.00063231
2 0.107363 0.892162 0.000475001
2 0.111968 0.887571 0.000461367
2 0.130352 0.868951 0.000696553
2 0.101713 0.89798 0.000307012
2 0.0672669 0.932562 0.000170585
2 0.0414891 0.958353 0.000157939
2 0.0306721 0.969192 0.00013543
2 0.0298289 0.970002 0.000169207
2 0.0570622 0.942498 0.000439809
2 0.0546617 0.944916 0.000422546
2 0.116565 0.882723 0.00071208
2 0.139097 0.860073 0.000829528
2 0.107997 0.891294 0.000708451
2 0.114457 0.884825 0.000717831
2 0.104983 0.89431 0.000707306
2 0.0807944 0.918641 0.000564529
2 0.0829444 0.916145 0.000910303
2 0.112398 0.886356 0.00124623
2 0.081575 0.917218 0.00120706
2 0.12958 0.867158 0.00326174
2 0.095287 0.903059 0.00165365
2 0.125474 0.871942 0.00258397
2 0.102582 0.895429 0.00198891
2 0.0425491 0.955948 0.00150315
2 0.0656889 0.932036 0.00227556
2 0.0978003 0.898888 0.0033114
2 0.0976627 0.898474 0.00386359
2 0.226 0.767235 0.00676444
2 0.363611 0.627272 0.00911718
