Secondary Structure Prediction Output by cSVM (Part of BalancedSSP)
TARGET: P25054-1, Length: 60

SR#  AA  cSVM  pBeta  pCoil  pHelix
1    M   H     0.326  0.319  0.355
2    A   H     0.330  0.291  0.378
3    A   H     0.325  0.282  0.393
4    A   H     0.321  0.277  0.401
5    S   H     0.325  0.283  0.392
6    Y   H     0.323  0.290  0.387
7    D   H     0.325  0.301  0.374
8    Q   H     0.324  0.315  0.361
9    L   H     0.333  0.325  0.342
10   L   C     0.340  0.341  0.319
11   K   C     0.339  0.368  0.293
12   Q   C     0.339  0.378  0.283
13   V   C     0.350  0.370  0.280
14   E   C     0.346  0.374  0.280
15   A   C     0.353  0.372  0.275
16   L   C     0.347  0.381  0.272
17   K   C     0.347  0.384  0.269
18   M   C     0.354  0.380  0.266
19   E   C     0.339  0.392  0.269
20   N   C     0.331  0.398  0.271
21   S   C     0.330  0.395  0.275
22   N   C     0.337  0.390  0.273
23   L   C     0.334  0.388  0.277
24   R   C     0.334  0.396  0.270
25   Q   C     0.337  0.394  0.269
26   E   C     0.336  0.389  0.275
27   L   C     0.353  0.371  0.276
28   E   C     0.347  0.377  0.276
29   D   C     0.342  0.379  0.279
30   N   C     0.329  0.397  0.275
31   S   C     0.330  0.396  0.274
32   N   C     0.332  0.399  0.270
33   H   C     0.331  0.396  0.273
34   L   C     0.344  0.387  0.270
35   T   C     0.352  0.384  0.265
36   K   C     0.353  0.382  0.265
37   L   C     0.365  0.366  0.269
38   E   C     0.361  0.367  0.272
39   T   E     0.365  0.364  0.270
40   E   C     0.351  0.377  0.272
41   A   C     0.340  0.387  0.273
42   S   C     0.343  0.386  0.271
43   N   C     0.349  0.379  0.272
44   M   C     0.351  0.379  0.270
45   K   C     0.349  0.380  0.271
46   E   E     0.376  0.357  0.267
47   V   E     0.368  0.358  0.274
48   L   C     0.357  0.368  0.276
49   K   C     0.347  0.382  0.271
50   Q   C     0.331  0.396  0.273
51   L   C     0.325  0.403  0.273
52   Q   C     0.323  0.410  0.267
53   G   C     0.314  0.418  0.267
54   S   C     0.333  0.396  0.271
55   I   C     0.349  0.376  0.275
56   E   C     0.346  0.380  0.274
57   D   C     0.348  0.380  0.272
58   E   C     0.345  0.383  0.272
59   A   C     0.338  0.390  0.272
60   M   C     0.334  0.400  0.265
