Secondary Structure Prediction Output (Part of REGAd3p ASA Prediction)
TARGET: P25054-1, Length: 60

SR#  AA  SSp  pCoil          pBeta          pHelix
1    M   C    0.488685       0.488251       0.0230633
2    A   E    0.250725       0.732919       0.0163562
3    A   E    0.144106       0.84496        0.0109341
4    A   E    0.133978       0.860065       0.00595736
5    S   E    0.189121       0.805395       0.00548402
6    Y   E    0.122599       0.872581       0.00481959
7    D   E    0.0722276      0.926222       0.00155006
8    Q   E    0.0838791      0.914955       0.00116572
9    L   E    0.149223       0.849382       0.00139574
10   L   E    0.117072       0.881717       0.00121132
11   K   E    0.0808772      0.918316       0.000806293
12   Q   E    0.0715804      0.927834       0.000586018
13   V   E    0.0573602      0.942176       0.000464124
14   E   E    0.0673195      0.932224       0.000456775
15   A   E    0.086095       0.913285       0.000620321
16   L   E    0.0899814      0.909395       0.000623951
17   K   E    0.104617       0.894885       0.000497246
18   M   E    0.0708079      0.928852       0.000340337
19   E   E    0.0586719      0.941028       0.000299928
20   N   E    0.0847449      0.91481        0.00044489
21   S   E    0.145385       0.853592       0.00102298
22   N   E    0.189681       0.809117       0.00120178
23   L   E    0.112178       0.886556       0.00126575
24   R   E    0.0707887      0.928676       0.000535427
25   Q   E    0.0709797      0.928523       0.00049728
26   E   E    0.079977       0.919608       0.000414559
27   L   E    0.06847        0.930995       0.000535265
28   E   E    0.0656289      0.93394        0.000431017
29   D   E    0.0940663      0.905359       0.000574242
30   N   E    0.0899289      0.909556       0.000514783
31   S   E    0.0988752      0.900493       0.00063231
32   N   E    0.107363       0.892162       0.000475001
33   H   E    0.111968       0.887571       0.000461367
34   L   E    0.130352       0.868951       0.000696553
35   T   E    0.101713       0.89798        0.000307012
36   K   E    0.0672669      0.932562       0.000170585
37   L   E    0.0414891      0.958353       0.000157939
38   E   E    0.0306721      0.969192       0.00013543
39   T   E    0.0298289      0.970002       0.000169207
40   E   E    0.0570622      0.942498       0.000439809
41   A   E    0.0546617      0.944916       0.000422546
42   S   E    0.116565       0.882723       0.00071208
43   N   E    0.139097       0.860073       0.000829528
44   M   E    0.107997       0.891294       0.000708451
45   K   E    0.114457       0.884825       0.000717831
46   E   E    0.104983       0.89431        0.000707306
47   V   E    0.0807944      0.918641       0.000564529
48   L   E    0.0829444      0.916145       0.000910303
49   K   E    0.112398       0.886356       0.00124623
50   Q   E    0.081575       0.917218       0.00120706
51   L   E    0.12958        0.867158       0.00326174
52   Q   E    0.095287       0.903059       0.00165365
53   G   E    0.125474       0.871942       0.00258397
54   S   E    0.102582       0.895429       0.00198891
55   I   E    0.0425491      0.955948       0.00150315
56   E   E    0.0656889      0.932036       0.00227556
57   D   E    0.0978003      0.898888       0.0033114
58   E   E    0.0976627      0.898474       0.00386359
59   A   E    0.226          0.767235       0.00676444
60   M   E    0.363611       0.627272       0.00911718
END
