labels 4 2 1
4 0.622935 0.142037 0.235028
4 0.451579 0.301235 0.247186
4 0.35724 0.301117 0.341643
1 0.2716 0.350719 0.377681
2 0.250523 0.455819 0.293657
2 0.206306 0.604487 0.189207
2 0.120853 0.668818 0.210329
2 0.0754766 0.753414 0.17111
2 0.0777287 0.799924 0.122348
2 0.0790116 0.775827 0.145161
2 0.120255 0.718033 0.161712
2 0.149927 0.6099 0.240172
2 0.160478 0.649026 0.190496
2 0.185573 0.638355 0.176071
2 0.210368 0.620544 0.169088
2 0.170031 0.583218 0.246751
2 0.181405 0.670181 0.148414
2 0.147742 0.744984 0.107274
2 0.10656 0.788271 0.10517
2 0.0762356 0.809284 0.114481
2 0.0783841 0.820667 0.100949
2 0.0755955 0.817451 0.106953
2 0.122746 0.793385 0.0838698
2 0.10199 0.823723 0.0742868
2 0.0876905 0.86786 0.04445
2 0.0677576 0.893717 0.0385257
2 0.121316 0.851235 0.0274489
2 0.146001 0.830506 0.0234923
2 0.0964784 0.887582 0.0159391
2 0.0497067 0.934164 0.0161291
2 0.115711 0.849584 0.0347043
2 0.14329 0.80189 0.0548198
2 0.183653 0.754263 0.0620846
2 0.225319 0.705355 0.0693258
2 0.366505 0.566488 0.0670063
2 0.363815 0.583941 0.0522438
2 0.28881 0.653236 0.0579538
2 0.175964 0.754466 0.0695698
2 0.175403 0.715543 0.109054
2 0.0876729 0.735542 0.176786
2 0.103781 0.715359 0.180861
2 0.149337 0.580018 0.270645
2 0.200641 0.593803 0.205556
2 0.130338 0.768488 0.101174
2 0.0827033 0.850197 0.0670992
2 0.169959 0.735108 0.0949333
2 0.271573 0.592094 0.136333
2 0.222685 0.673535 0.10378
2 0.255608 0.662597 0.0817943
2 0.187101 0.696283 0.116616
2 0.179672 0.674844 0.145484
2 0.174809 0.67934 0.145851
2 0.230332 0.634808 0.134861
2 0.212204 0.633469 0.154327
2 0.258053 0.567447 0.1745
2 0.19749 0.57924 0.22327
2 0.167577 0.59974 0.232684
2 0.171129 0.631379 0.197492
2 0.175751 0.649544 0.174705
4 0.495927 0.330307 0.173765
