labels 4 2 1
4 0.508111 0.473237 0.0186521
2 0.220392 0.769318 0.0102902
2 0.145071 0.841384 0.0135456
2 0.0840692 0.90209 0.0138411
2 0.110361 0.875252 0.0143869
2 0.0914338 0.892431 0.0161351
2 0.0564539 0.921636 0.02191
2 0.0351266 0.943622 0.0212516
2 0.0300971 0.937102 0.032801
2 0.0418216 0.912208 0.0459704
2 0.0450461 0.906065 0.0488885
2 0.0672108 0.857084 0.0757052
2 0.120464 0.785666 0.0938705
2 0.190012 0.68419 0.125798
2 0.212868 0.626308 0.160824
2 0.226433 0.637099 0.136468
2 0.2118 0.714971 0.0732296
2 0.195824 0.75128 0.0528966
2 0.168732 0.792953 0.0383149
2 0.117387 0.838198 0.0444143
2 0.0804314 0.865511 0.0540579
2 0.0747043 0.87754 0.0477556
2 0.0397835 0.905387 0.0548299
2 0.0426625 0.872818 0.0845196
2 0.0632561 0.811956 0.124787
2 0.0768442 0.791793 0.131363
2 0.21709 0.608747 0.174163
2 0.300588 0.507836 0.191575
2 0.302353 0.564216 0.133431
2 0.308157 0.600316 0.0915277
2 0.254081 0.6923 0.0536186
2 0.241563 0.707582 0.0508555
2 0.212825 0.7252 0.0619744
2 0.106292 0.86052 0.0331887
2 0.0792097 0.880021 0.0407695
2 0.0625596 0.902984 0.0344567
2 0.0756829 0.867592 0.0567255
2 0.0821853 0.836855 0.0809594
2 0.100521 0.811287 0.088192
2 0.131968 0.803931 0.0641016
2 0.143928 0.786427 0.0696448
2 0.0865768 0.854476 0.058947
2 0.0566792 0.90374 0.039581
2 0.0680903 0.878617 0.0532924
2 0.136833 0.779111 0.0840552
2 0.12107 0.81477 0.06416
2 0.114146 0.809793 0.0760605
2 0.0946203 0.819852 0.085528
2 0.0758411 0.850339 0.0738202
2 0.123313 0.794799 0.0818889
2 0.142194 0.815311 0.0424945
2 0.290844 0.674932 0.0342247
2 0.239402 0.720787 0.0398111
2 0.15305 0.811904 0.0350455
2 0.127601 0.805784 0.0666147
2 0.0986567 0.836072 0.065271
2 0.122221 0.782468 0.0953119
2 0.221514 0.690551 0.0879353
2 0.338429 0.60274 0.058831
4 0.574316 0.343722 0.0819621
