labels 4 2 1
1 0.355442 0.130002 0.514556
1 0.323672 0.245025 0.431303
1 0.337468 0.256029 0.406503
2 0.365528 0.398683 0.235789
2 0.313734 0.420418 0.265848
2 0.144072 0.495543 0.360386
2 0.0976061 0.595098 0.307296
2 0.0872178 0.528633 0.384149
2 0.0990265 0.596125 0.304849
2 0.154132 0.618943 0.226924
2 0.212959 0.622718 0.164322
2 0.356389 0.566781 0.0768292
4 0.545369 0.395008 0.0596233
4 0.583636 0.333186 0.0831785
4 0.53647 0.405787 0.0577432
2 0.391018 0.511969 0.097013
2 0.257697 0.671016 0.0712864
2 0.0953282 0.85522 0.0494518
2 0.0991194 0.849688 0.0511929
2 0.0773504 0.875352 0.047298
2 0.148209 0.74978 0.102011
2 0.141642 0.65933 0.199028
2 0.0687812 0.79541 0.135809
2 0.0519206 0.819687 0.128392
2 0.0710078 0.815243 0.113749
2 0.140317 0.673198 0.186485
2 0.238663 0.539702 0.221635
2 0.240273 0.648508 0.111219
2 0.214194 0.721448 0.0643587
2 0.0868644 0.878877 0.0342586
2 0.0601913 0.908938 0.030871
2 0.0809486 0.890973 0.0280782
2 0.142916 0.841332 0.0157525
2 0.153388 0.83231 0.0143021
2 0.0898704 0.889463 0.0206665
2 0.0378997 0.951658 0.0104419
2 0.0133365 0.977955 0.00870851
2 0.0149302 0.97672 0.00834966
2 0.015111 0.973686 0.0112029
2 0.0241727 0.939875 0.0359522
2 0.0177141 0.918909 0.0633772
2 0.00758773 0.89172 0.100692
2 0.0180021 0.88923 0.0927679
2 0.0208169 0.901602 0.0775812
2 0.0322312 0.921199 0.04657
2 0.0779226 0.877312 0.044765
2 0.0558414 0.932652 0.0115064
2 0.0689703 0.921992 0.0090376
2 0.0393317 0.954493 0.00617566
2 0.0117561 0.98458 0.00366377
2 0.0210947 0.972155 0.00675067
2 0.0237551 0.969666 0.00657891
2 0.00878708 0.987412 0.00380093
2 0.0125454 0.980885 0.00656986
2 0.036622 0.94937 0.0140081
2 0.0585135 0.919951 0.0215352
2 0.07216 0.894736 0.0331036
2 0.054439 0.926242 0.0193189
2 0.147861 0.833735 0.0184044
2 0.388377 0.576932 0.0346901
