Secondary Structure Prediction Output by cSVM (Part of BalancedSSP)
TARGET: P15309-1, Length: 60

SR#  AA  cSVM  pBeta  pCoil  pHelix
1    M   H     0.319  0.333  0.348
2    R   H     0.321  0.327  0.352
3    A   H     0.310  0.300  0.389
4    A   H     0.308  0.310  0.382
5    P   H     0.309  0.308  0.383
6    L   H     0.310  0.293  0.397
7    L   H     0.307  0.290  0.404
8    L   H     0.312  0.286  0.401
9    A   H     0.320  0.300  0.380
10   R   C     0.331  0.339  0.330
11   A   C     0.333  0.355  0.311
12   A   C     0.327  0.384  0.290
13   S   C     0.319  0.400  0.281
14   L   C     0.319  0.407  0.274
15   S   C     0.319  0.410  0.271
16   L   C     0.320  0.404  0.276
17   G   C     0.326  0.395  0.278
18   F   C     0.327  0.392  0.281
19   L   C     0.334  0.385  0.281
20   F   C     0.343  0.380  0.277
21   L   C     0.340  0.380  0.279
22   L   C     0.347  0.372  0.281
23   F   C     0.345  0.368  0.287
24   F   C     0.351  0.358  0.291
25   W   C     0.355  0.356  0.289
26   L   C     0.354  0.367  0.280
27   D   C     0.345  0.379  0.276
28   R   C     0.342  0.388  0.270
29   S   C     0.354  0.378  0.268
30   V   C     0.355  0.374  0.271
31   L   C     0.362  0.371  0.267
32   A   C     0.362  0.371  0.267
33   K   C     0.339  0.392  0.268
34   E   C     0.337  0.390  0.272
35   L   C     0.343  0.383  0.274
36   K   C     0.347  0.378  0.275
37   F   E     0.384  0.340  0.276
38   V   E     0.394  0.338  0.268
39   T   E     0.364  0.358  0.279
40   L   C     0.355  0.358  0.287
41   V   E     0.377  0.338  0.285
42   F   E     0.371  0.349  0.280
43   R   E     0.373  0.358  0.269
44   H   E     0.372  0.352  0.277
45   G   C     0.347  0.370  0.283
46   D   C     0.349  0.374  0.277
47   R   C     0.357  0.381  0.262
48   S   C     0.346  0.387  0.266
49   P   C     0.354  0.383  0.263
50   I   C     0.356  0.383  0.260
51   D   C     0.347  0.391  0.262
52   T   C     0.350  0.391  0.259
53   F   C     0.359  0.386  0.255
54   P   C     0.364  0.374  0.263
55   T   E     0.385  0.364  0.251
56   D   C     0.365  0.378  0.257
57   P   C     0.369  0.372  0.259
58   I   E     0.374  0.365  0.261
59   K   C     0.369  0.372  0.259
60   E   C     0.349  0.388  0.263
