labels 4 2 1
2 0.0900151 0.909652 0.000332402
2 0.0617776 0.938103 0.000119642
2 0.0721955 0.927677 0.00012761
2 0.0538391 0.946069 9.1719e-05
2 0.0695535 0.930268 0.00017805
2 0.04893 0.950918 0.00015226
2 0.0449954 0.954882 0.000122848
2 0.0385599 0.961342 9.82853e-05
2 0.0401742 0.959747 7.87001e-05
2 0.0412325 0.95867 9.78607e-05
2 0.0529253 0.946954 0.000120235
2 0.0654167 0.934431 0.000152498
2 0.0641689 0.935654 0.000177258
2 0.0522202 0.947647 0.000132279
2 0.0610009 0.938897 0.00010234
2 0.0675079 0.932388 0.000104432
2 0.0763271 0.923585 8.77266e-05
2 0.0665841 0.933269 0.000146854
2 0.0741779 0.925661 0.00016151
2 0.0609075 0.93894 0.000152271
2 0.0370205 0.962821 0.000158199
2 0.0436444 0.956157 0.000198803
2 0.114304 0.88507 0.000626208
2 0.192075 0.806814 0.00111139
2 0.135981 0.862985 0.00103411
2 0.103239 0.896226 0.000534957
2 0.182743 0.816137 0.00112061
2 0.175155 0.823122 0.00172218
2 0.172995 0.825244 0.00176163
2 0.120582 0.878614 0.000804275
2 0.100759 0.89836 0.000880204
2 0.0586334 0.940582 0.000784767
2 0.0460948 0.953398 0.000507424
2 0.0984617 0.900861 0.000677773
2 0.133504 0.865735 0.000761051
2 0.0668909 0.93271 0.000398994
2 0.051998 0.947758 0.00024394
2 0.11216 0.887504 0.000336364
2 0.116815 0.882777 0.000407955
2 0.106054 0.893623 0.000322725
2 0.103243 0.896524 0.000233477
2 0.117679 0.882106 0.000214685
2 0.0823573 0.917481 0.000162162
2 0.0751934 0.924674 0.000132534
2 0.0562814 0.943615 0.000103463
2 0.0714025 0.928441 0.000156538
2 0.0507472 0.949119 0.000133483
2 0.0306513 0.969262 8.66521e-05
2 0.0509586 0.948897 0.000144306
2 0.0747303 0.925091 0.000178581
2 0.076293 0.923493 0.000213518
2 0.109183 0.89051 0.000306412
2 0.104949 0.894741 0.00031008
2 0.107583 0.892052 0.000364794
2 0.141509 0.857821 0.000670052
2 0.107013 0.892384 0.000603501
2 0.217762 0.779765 0.00247241
2 0.40707 0.589637 0.00329295
2 0.441964 0.554935 0.00310124
4 0.706972 0.287725 0.00530269
