labels 4 2 1
2 0.363648 0.592848 0.0435032
2 0.15056 0.8321 0.0173395
2 0.0980807 0.885576 0.016343
2 0.0223527 0.962797 0.0148498
2 0.00601059 0.981726 0.0122638
2 0.0026708 0.988692 0.00863692
2 0.00346167 0.977228 0.0193101
2 0.00785127 0.958075 0.0340737
2 0.0169694 0.954925 0.0281059
2 0.0274087 0.939204 0.0333874
2 0.0594905 0.910465 0.0300445
2 0.159729 0.77541 0.0648611
2 0.154582 0.79145 0.0539678
2 0.142818 0.780819 0.0763635
2 0.154064 0.777373 0.0685634
2 0.0720257 0.885868 0.0421066
2 0.0501376 0.920545 0.0293174
2 0.0309307 0.945804 0.0232653
2 0.0345808 0.934655 0.0307637
2 0.0434799 0.917149 0.0393715
2 0.109353 0.846796 0.0438509
2 0.238429 0.7032 0.0583706
4 0.492564 0.465294 0.0421429
4 0.509248 0.430977 0.0597757
2 0.437794 0.522586 0.0396202
2 0.449732 0.479523 0.0707448
2 0.366183 0.568998 0.0648184
2 0.237117 0.702983 0.0598998
2 0.249782 0.714126 0.0360923
2 0.203185 0.748838 0.0479766
2 0.170627 0.789288 0.0400847
2 0.114302 0.832576 0.053122
2 0.119491 0.82553 0.0549788
2 0.146031 0.79376 0.0602087
2 0.209417 0.675455 0.115129
2 0.297161 0.587178 0.115661
2 0.344422 0.561413 0.0941655
2 0.462414 0.475356 0.0622299
2 0.373098 0.5816 0.0453016
2 0.277604 0.679814 0.042582
2 0.21585 0.735669 0.0484807
2 0.209099 0.747799 0.0431013
2 0.0958844 0.872271 0.0318442
2 0.0640871 0.908444 0.0274688
2 0.0687049 0.877853 0.0534425
2 0.0718164 0.845435 0.0827485
2 0.163409 0.715243 0.121348
2 0.146552 0.779367 0.0740808
2 0.12445 0.804918 0.070632
2 0.138955 0.766578 0.0944667
2 0.246511 0.623207 0.130282
2 0.290771 0.579677 0.129552
2 0.36202 0.559706 0.0782738
2 0.265569 0.625257 0.109174
2 0.358825 0.534767 0.106408
2 0.333314 0.545701 0.120985
2 0.319001 0.530167 0.150832
2 0.235866 0.626251 0.137884
2 0.388365 0.53718 0.074455
4 0.635961 0.293847 0.0701923
