labels 4 2 1
4 0.663882 0.301545 0.0345723
2 0.433093 0.536888 0.0300184
2 0.312692 0.62384 0.0634672
2 0.209593 0.742968 0.0474386
2 0.271506 0.665543 0.0629512
2 0.245312 0.697908 0.0567799
2 0.17116 0.801954 0.026886
2 0.256111 0.71935 0.0245388
2 0.296615 0.67509 0.0282947
2 0.251798 0.726527 0.0216751
2 0.189788 0.787741 0.0224716
2 0.0945537 0.887381 0.0180652
2 0.061269 0.917953 0.0207783
2 0.11584 0.831242 0.052918
2 0.145879 0.774053 0.0800681
2 0.106342 0.804498 0.0891601
2 0.0866929 0.80453 0.108777
2 0.176531 0.702243 0.121226
2 0.182514 0.709789 0.107697
2 0.129997 0.795591 0.0744124
2 0.0854541 0.767307 0.147239
2 0.132964 0.676098 0.190939
2 0.206045 0.608159 0.185796
2 0.262023 0.607504 0.130473
2 0.311031 0.544397 0.144573
2 0.300334 0.529617 0.170049
2 0.248557 0.57779 0.173652
2 0.262141 0.545506 0.192353
2 0.297996 0.444795 0.257209
2 0.257348 0.486324 0.256328
2 0.237259 0.543429 0.219312
2 0.314945 0.48505 0.200005
2 0.387848 0.457966 0.154186
2 0.416819 0.45751 0.12567
2 0.308966 0.468313 0.22272
2 0.290396 0.496734 0.21287
2 0.266293 0.486861 0.246846
2 0.232497 0.478283 0.28922
2 0.288134 0.431884 0.279982
2 0.342226 0.458089 0.199685
2 0.358936 0.489679 0.151385
2 0.276743 0.534848 0.188409
2 0.182219 0.675817 0.141963
2 0.136167 0.771278 0.0925553
2 0.0935038 0.830718 0.0757779
2 0.0564292 0.896027 0.0475437
2 0.0594043 0.883502 0.0570935
2 0.0602008 0.843081 0.0967184
2 0.0560464 0.851769 0.0921848
2 0.076821 0.774316 0.148863
2 0.0607724 0.712306 0.226921
2 0.0782574 0.718011 0.203732
2 0.0426747 0.773553 0.183773
2 0.0228831 0.78119 0.195927
2 0.0389652 0.787828 0.173207
2 0.0250742 0.842421 0.132505
2 0.0174741 0.875573 0.106953
2 0.0692878 0.735138 0.195574
2 0.193736 0.495783 0.310481
4 0.448252 0.29911 0.252638
