labels 4 2 1
4 0.599327 0.261066 0.139607
2 0.321039 0.593394 0.0855668
2 0.129006 0.824271 0.0467229
2 0.0509207 0.923155 0.0259244
2 0.0586716 0.917759 0.023569
2 0.137844 0.831064 0.0310916
2 0.154801 0.810514 0.0346849
2 0.102581 0.886784 0.0106354
2 0.106825 0.882098 0.0110769
2 0.134079 0.842676 0.0232447
2 0.0704616 0.913399 0.0161396
2 0.0569811 0.928768 0.0142514
2 0.0828853 0.900724 0.0163911
2 0.0264163 0.967089 0.0064948
2 0.024933 0.965563 0.00950418
2 0.0487984 0.930349 0.0208524
2 0.0550392 0.929411 0.0155496
2 0.0787803 0.901084 0.0201361
2 0.0567332 0.934235 0.00903218
2 0.0497229 0.941419 0.00885797
2 0.0824049 0.895286 0.0223087
2 0.0445381 0.937284 0.0181777
2 0.0533587 0.924644 0.0219974
2 0.0677634 0.908385 0.0238512
2 0.0336132 0.952067 0.0143194
2 0.0173106 0.969936 0.0127533
2 0.0321399 0.948232 0.0196281
2 0.0232036 0.95382 0.0229763
2 0.038283 0.9214 0.0403166
2 0.0374599 0.889889 0.0726512
2 0.079593 0.849594 0.0708132
2 0.0911592 0.864934 0.0439072
2 0.11617 0.83292 0.0509095
2 0.0743794 0.848934 0.0766867
2 0.0817143 0.761857 0.156429
2 0.0375541 0.890179 0.0722669
2 0.0194986 0.94204 0.0384618
2 0.022222 0.928705 0.0490733
2 0.0662212 0.834447 0.0993315
2 0.127204 0.699197 0.173598
2 0.0903024 0.770204 0.139493
2 0.05212 0.88586 0.06202
2 0.0213163 0.94642 0.0322638
2 0.0288624 0.934913 0.0362247
2 0.0555168 0.888223 0.0562603
2 0.109158 0.834202 0.0566402
2 0.15461 0.791325 0.0540657
2 0.254802 0.632946 0.112252
2 0.296161 0.584928 0.118912
2 0.164092 0.740877 0.0950312
2 0.105806 0.83372 0.0604739
2 0.0369839 0.91449 0.0485262
2 0.0437169 0.914111 0.042172
2 0.0488572 0.885554 0.0655885
2 0.026699 0.869405 0.103896
2 0.0305642 0.875419 0.0940164
2 0.0443548 0.860285 0.0953606
2 0.0831994 0.851439 0.0653621
2 0.285904 0.651382 0.0627147
4 0.486099 0.395055 0.118846
