labels 4 2 1
4 0.751872 0.189385 0.0587436
4 0.502963 0.453929 0.0431081
2 0.354881 0.595123 0.049996
2 0.141628 0.819623 0.0387497
2 0.0893647 0.876212 0.034423
2 0.0405741 0.914415 0.0450108
2 0.0251299 0.914308 0.0605624
2 0.036934 0.866979 0.0960869
2 0.0349504 0.831792 0.133258
2 0.0304615 0.914563 0.0549754
2 0.0302346 0.923184 0.0465813
2 0.0619557 0.844465 0.093579
2 0.144376 0.65478 0.200844
2 0.170798 0.618479 0.210722
2 0.182387 0.669594 0.14802
2 0.155506 0.769939 0.0745555
2 0.0984875 0.862193 0.0393192
2 0.0449894 0.927125 0.0278854
2 0.0361019 0.929546 0.0343518
2 0.068988 0.875198 0.0558143
2 0.0817085 0.836699 0.0815923
2 0.0458514 0.890401 0.0637473
2 0.159588 0.770665 0.0697464
2 0.217209 0.671868 0.110923
2 0.197918 0.737269 0.0648133
2 0.0970797 0.864469 0.0384513
2 0.0849896 0.88446 0.0305507
2 0.117855 0.842959 0.0391866
2 0.146115 0.781057 0.0728283
2 0.141672 0.748186 0.110143
2 0.181979 0.678667 0.139354
2 0.143516 0.743429 0.113054
2 0.0973668 0.836261 0.0663723
2 0.0862732 0.837694 0.0760327
2 0.0314277 0.906704 0.0618679
2 0.0307291 0.920512 0.0487589
2 0.0807949 0.845979 0.0732265
2 0.0929517 0.826853 0.0801956
2 0.0925661 0.844012 0.0634223
2 0.12167 0.826048 0.0522818
2 0.164037 0.812091 0.023872
2 0.158784 0.81402 0.0271961
2 0.138447 0.836007 0.025546
2 0.23574 0.728118 0.036141
2 0.333383 0.627965 0.0386519
2 0.347064 0.617089 0.0358469
2 0.295749 0.685968 0.0182828
2 0.363398 0.620651 0.0159511
2 0.329519 0.6506 0.0198816
2 0.262738 0.725047 0.0122151
2 0.194772 0.78729 0.017938
2 0.127783 0.840747 0.0314699
2 0.124239 0.827673 0.0480883
2 0.141707 0.779968 0.0783241
2 0.069999 0.886126 0.0438748
2 0.0617939 0.911205 0.0270008
2 0.0747751 0.86958 0.0556444
2 0.107901 0.826654 0.0654449
2 0.200618 0.706805 0.0925773
2 0.303089 0.573574 0.123337
