Secondary Structure Prediction Output by cSVM (Part of BalancedSSP)
TARGET: P31751-1, Length: 60

SR#  AA  cSVM  pBeta  pCoil  pHelix
1    M   C     0.333  0.346  0.321
2    N   H     0.329  0.328  0.344
3    E   H     0.325  0.307  0.368
4    V   H     0.326  0.290  0.384
5    S   H     0.337  0.294  0.369
6    V   H     0.333  0.282  0.385
7    I   H     0.336  0.288  0.375
8    K   H     0.326  0.292  0.382
9    E   E     0.366  0.279  0.355
10   G   E     0.364  0.296  0.340
11   W   E     0.363  0.320  0.317
12   L   C     0.351  0.356  0.293
13   H   C     0.335  0.388  0.277
14   K   C     0.335  0.394  0.272
15   R   C     0.323  0.408  0.269
16   G   C     0.331  0.396  0.273
17   E   C     0.350  0.383  0.267
18   Y   E     0.367  0.365  0.268
19   I   C     0.363  0.369  0.267
20   K   C     0.359  0.374  0.267
21   T   C     0.353  0.383  0.264
22   W   C     0.344  0.385  0.271
23   R   C     0.348  0.390  0.262
24   P   C     0.350  0.387  0.263
25   R   C     0.363  0.376  0.261
26   Y   E     0.378  0.361  0.262
27   F   E     0.371  0.360  0.269
28   L   E     0.366  0.363  0.271
29   L   C     0.360  0.368  0.271
30   K   C     0.350  0.377  0.273
31   S   C     0.342  0.378  0.280
32   D   C     0.334  0.379  0.287
33   G   C     0.337  0.371  0.291
34   S   C     0.339  0.376  0.285
35   F   E     0.363  0.359  0.278
36   I   C     0.363  0.364  0.273
37   G   C     0.359  0.375  0.266
38   Y   E     0.373  0.369  0.258
39   K   C     0.365  0.379  0.256
40   E   C     0.357  0.384  0.260
41   R   C     0.347  0.396  0.257
42   P   C     0.350  0.393  0.257
43   E   C     0.362  0.386  0.252
44   A   C     0.365  0.383  0.251
45   P   C     0.350  0.393  0.257
46   D   C     0.356  0.390  0.254
47   Q   C     0.349  0.396  0.254
48   T   C     0.341  0.403  0.256
49   L   C     0.349  0.401  0.251
50   P   C     0.347  0.401  0.251
51   P   C     0.346  0.401  0.252
52   L   C     0.365  0.386  0.249
53   N   C     0.347  0.402  0.252
54   N   C     0.348  0.391  0.260
55   F   C     0.353  0.380  0.267
56   S   C     0.354  0.379  0.267
57   V   E     0.375  0.368  0.258
58   A   C     0.354  0.377  0.269
59   E   C     0.340  0.383  0.277
60   C   C     0.339  0.383  0.278
