Secondary Structure Prediction Output (Part of REGAd3p ASA Prediction)
TARGET: P31751-1, Length: 60

SR#  AA  SSp  pCoil          pBeta          pHelix
1    M   C    0.751872       0.189385       0.0587436
2    N   C    0.502963       0.453929       0.0431081
3    E   E    0.354881       0.595123       0.049996
4    V   E    0.141628       0.819623       0.0387497
5    S   E    0.0893647      0.876212       0.034423
6    V   E    0.0405741      0.914415       0.0450108
7    I   E    0.0251299      0.914308       0.0605624
8    K   E    0.036934       0.866979       0.0960869
9    E   E    0.0349504      0.831792       0.133258
10   G   E    0.0304615      0.914563       0.0549754
11   W   E    0.0302346      0.923184       0.0465813
12   L   E    0.0619557      0.844465       0.093579
13   H   E    0.144376       0.65478        0.200844
14   K   E    0.170798       0.618479       0.210722
15   R   E    0.182387       0.669594       0.14802
16   G   E    0.155506       0.769939       0.0745555
17   E   E    0.0984875      0.862193       0.0393192
18   Y   E    0.0449894      0.927125       0.0278854
19   I   E    0.0361019      0.929546       0.0343518
20   K   E    0.068988       0.875198       0.0558143
21   T   E    0.0817085      0.836699       0.0815923
22   W   E    0.0458514      0.890401       0.0637473
23   R   E    0.159588       0.770665       0.0697464
24   P   E    0.217209       0.671868       0.110923
25   R   E    0.197918       0.737269       0.0648133
26   Y   E    0.0970797      0.864469       0.0384513
27   F   E    0.0849896      0.88446        0.0305507
28   L   E    0.117855       0.842959       0.0391866
29   L   E    0.146115       0.781057       0.0728283
30   K   E    0.141672       0.748186       0.110143
31   S   E    0.181979       0.678667       0.139354
32   D   E    0.143516       0.743429       0.113054
33   G   E    0.0973668      0.836261       0.0663723
34   S   E    0.0862732      0.837694       0.0760327
35   F   E    0.0314277      0.906704       0.0618679
36   I   E    0.0307291      0.920512       0.0487589
37   G   E    0.0807949      0.845979       0.0732265
38   Y   E    0.0929517      0.826853       0.0801956
39   K   E    0.0925661      0.844012       0.0634223
40   E   E    0.12167        0.826048       0.0522818
41   R   E    0.164037       0.812091       0.023872
42   P   E    0.158784       0.81402        0.0271961
43   E   E    0.138447       0.836007       0.025546
44   A   E    0.23574        0.728118       0.036141
45   P   E    0.333383       0.627965       0.0386519
46   D   E    0.347064       0.617089       0.0358469
47   Q   E    0.295749       0.685968       0.0182828
48   T   E    0.363398       0.620651       0.0159511
49   L   E    0.329519       0.6506         0.0198816
50   P   E    0.262738       0.725047       0.0122151
51   P   E    0.194772       0.78729        0.017938
52   L   E    0.127783       0.840747       0.0314699
53   N   E    0.124239       0.827673       0.0480883
54   N   E    0.141707       0.779968       0.0783241
55   F   E    0.069999       0.886126       0.0438748
56   S   E    0.0617939      0.911205       0.0270008
57   V   E    0.0747751      0.86958        0.0556444
58   A   E    0.107901       0.826654       0.0654449
59   E   E    0.200618       0.706805       0.0925773
60   C   E    0.303089       0.573574       0.123337
END
