labels 4 2 1
4 0.507342 0.18203 0.310628
2 0.286069 0.459054 0.254878
2 0.162482 0.639155 0.198363
2 0.10127 0.741273 0.157456
2 0.0520088 0.757996 0.189995
2 0.0609046 0.731766 0.207329
2 0.085408 0.725047 0.189545
2 0.0927985 0.722821 0.18438
2 0.0664299 0.696118 0.237452
2 0.0626027 0.554754 0.382644
1 0.116167 0.396845 0.486987
1 0.165856 0.363669 0.470475
2 0.195052 0.46131 0.343638
2 0.174999 0.620471 0.20453
2 0.123507 0.759899 0.116594
2 0.133139 0.749473 0.117388
2 0.119326 0.812706 0.067968
2 0.150457 0.773264 0.0762791
2 0.28041 0.649354 0.0702359
2 0.376347 0.4927 0.130953
2 0.248243 0.548375 0.203382
2 0.166121 0.664971 0.168908
2 0.153137 0.709059 0.137805
2 0.146665 0.719294 0.134042
2 0.102358 0.748033 0.149609
2 0.125727 0.599873 0.2744
2 0.157189 0.573675 0.269136
2 0.221759 0.475407 0.302834
2 0.233548 0.525135 0.241317
2 0.2218 0.609633 0.168567
2 0.21899 0.668438 0.112572
2 0.157466 0.76214 0.0803939
2 0.158963 0.744494 0.096543
2 0.19489 0.66683 0.138281
2 0.246002 0.570965 0.183033
2 0.24946 0.472839 0.277702
2 0.294651 0.423435 0.281914
2 0.281594 0.492448 0.225958
2 0.236951 0.596876 0.166173
2 0.138815 0.568561 0.292624
2 0.0878767 0.683581 0.228542
2 0.164785 0.677553 0.157663
2 0.27898 0.63288 0.0881393
2 0.268387 0.690522 0.0410903
2 0.159004 0.807746 0.0332499
2 0.157759 0.79692 0.0453212
2 0.191289 0.759154 0.0495572
2 0.102459 0.839363 0.0581785
2 0.0447877 0.916009 0.0392028
2 0.0704713 0.884845 0.0446833
2 0.122332 0.826126 0.0515419
2 0.0762003 0.866867 0.0569327
2 0.0565697 0.886192 0.0572387
2 0.0233091 0.871889 0.104802
2 0.0231677 0.848165 0.128667
2 0.0805733 0.65489 0.264536
2 0.257943 0.477385 0.264672
4 0.503885 0.332715 0.163401
4 0.675437 0.218748 0.105815
4 0.835565 0.0839639 0.0804713
