labels 4 2 1
4 0.536048 0.374142 0.0898096
2 0.277217 0.666697 0.0560861
2 0.273675 0.653816 0.0725097
2 0.226873 0.681212 0.0919144
2 0.276924 0.649086 0.0739894
2 0.189689 0.646285 0.164026
2 0.170226 0.664275 0.165499
2 0.174042 0.628381 0.197577
2 0.180414 0.628143 0.191443
2 0.0954515 0.758907 0.145641
2 0.073137 0.802598 0.124265
2 0.0517413 0.759192 0.189067
2 0.0500615 0.802209 0.147729
2 0.0612474 0.817374 0.121378
2 0.0507869 0.848906 0.100307
2 0.0682799 0.833572 0.0981478
2 0.162579 0.718108 0.119313
2 0.271437 0.634279 0.0942845
2 0.354136 0.586179 0.0596852
2 0.243702 0.722252 0.0340463
2 0.146351 0.822549 0.0311
2 0.143989 0.818447 0.037564
2 0.139298 0.803251 0.0574512
2 0.141913 0.775612 0.0824753
2 0.0787346 0.848097 0.073168
2 0.068413 0.886516 0.0450713
2 0.0696124 0.891134 0.0392536
2 0.0563882 0.901531 0.0420812
2 0.0375003 0.894742 0.0677579
2 0.0334864 0.896635 0.0698785
2 0.066429 0.874793 0.0587781
2 0.113986 0.82628 0.0597335
2 0.0490092 0.875558 0.0754326
2 0.016031 0.918671 0.065298
2 0.0385445 0.895433 0.0660222
2 0.0296227 0.90744 0.0629371
2 0.013249 0.923353 0.0633977
2 0.020293 0.884461 0.0952458
2 0.0337985 0.815818 0.150384
2 0.0419185 0.86046 0.0976219
2 0.0699462 0.778218 0.151835
2 0.101707 0.645992 0.252301
2 0.15099 0.49255 0.35646
1 0.153953 0.383166 0.462881
2 0.104853 0.549514 0.345633
2 0.0877609 0.474057 0.438182
1 0.175656 0.359244 0.4651
1 0.232107 0.315978 0.451914
2 0.257348 0.443393 0.299259
2 0.138611 0.470276 0.391113
2 0.175468 0.488961 0.335571
2 0.0782742 0.633245 0.288481
2 0.0463982 0.708049 0.245553
2 0.0351774 0.706067 0.258755
2 0.0465775 0.629465 0.323958
2 0.0881887 0.490486 0.421325
1 0.158457 0.347911 0.493632
4 0.379354 0.295705 0.324941
4 0.711449 0.158884 0.129668
4 0.804114 0.0978462 0.0980398
