labels 4 2 1
4 0.598803 0.225632 0.175565
4 0.462177 0.40561 0.132213
2 0.36448 0.431688 0.203833
2 0.22528 0.53069 0.244029
2 0.259483 0.492437 0.248081
4 0.422875 0.388702 0.188424
2 0.260435 0.620171 0.119394
2 0.152301 0.763581 0.0841178
2 0.100058 0.825854 0.0740877
2 0.0629774 0.87947 0.0575527
2 0.043547 0.913444 0.0430086
2 0.0606711 0.862147 0.0771822
2 0.120074 0.736408 0.143518
2 0.205877 0.645882 0.148241
2 0.242286 0.562784 0.19493
2 0.351305 0.480069 0.168626
2 0.268842 0.483909 0.247249
2 0.118411 0.587984 0.293605
2 0.0486272 0.758772 0.1926
2 0.0584343 0.764782 0.176783
2 0.101594 0.734365 0.164041
2 0.207935 0.667907 0.124158
2 0.384864 0.542568 0.0725677
4 0.474046 0.461003 0.0649512
2 0.358664 0.554754 0.0865826
2 0.263836 0.655767 0.0803974
2 0.226513 0.670608 0.102878
2 0.09986 0.835934 0.0642064
2 0.0213554 0.964799 0.0138452
2 0.0331929 0.957379 0.00942844
2 0.0768447 0.902245 0.0209103
2 0.0642798 0.897315 0.0384056
2 0.0855628 0.86144 0.0529976
2 0.0755613 0.876723 0.047716
2 0.0463616 0.922785 0.0308534
2 0.0187254 0.957586 0.0236882
2 0.0237075 0.954339 0.0219538
2 0.0166178 0.949811 0.0335707
2 0.014197 0.961059 0.0247438
2 0.0236676 0.94165 0.0346828
2 0.0254752 0.946258 0.0282671
2 0.0156873 0.967059 0.0172539
2 0.0067833 0.986571 0.00664582
2 0.00818496 0.987555 0.00425963
2 0.0113371 0.981983 0.00668022
2 0.00674161 0.988651 0.00460749
2 0.00659482 0.989845 0.00356045
2 0.026584 0.969401 0.0040148
2 0.0317791 0.960957 0.00726428
2 0.034621 0.954687 0.0106918
2 0.0181372 0.971013 0.0108502
2 0.0054377 0.98764 0.00692216
2 0.00113266 0.985032 0.0138354
2 0.000113808 0.988124 0.0117617
2 0.00177307 0.980275 0.0179522
2 0.00818732 0.974497 0.0173156
2 0.00783811 0.972486 0.0196756
2 0.0119015 0.973896 0.0142024
2 0.105784 0.861838 0.0323779
2 0.392083 0.549423 0.0584932
