labels 4 2 1
2 0.384674 0.584676 0.0306503
2 0.130976 0.857592 0.0114322
2 0.163236 0.819899 0.0168653
2 0.139826 0.827901 0.0322729
2 0.100614 0.846918 0.0524684
2 0.171187 0.72946 0.0993532
2 0.213111 0.693812 0.0930776
2 0.235774 0.711029 0.0531978
2 0.273672 0.685409 0.0409185
2 0.33394 0.631506 0.0345538
2 0.331851 0.626289 0.0418597
2 0.248536 0.680525 0.070939
2 0.186366 0.738822 0.074812
2 0.220758 0.696091 0.0831518
2 0.18621 0.676303 0.137487
2 0.203626 0.697667 0.0987072
2 0.211651 0.736178 0.0521711
2 0.248878 0.717792 0.0333295
2 0.179911 0.791573 0.0285155
2 0.0689271 0.908475 0.022598
2 0.0275884 0.960913 0.0114985
2 0.00502102 0.983356 0.0116232
2 2.92449e-05 0.994204 0.00576717
2 6.35309e-06 0.997278 0.00271518
2 3.34056e-05 0.993778 0.00618905
2 0.00225615 0.99197 0.0057743
2 0.00623221 0.981931 0.0118368
2 0.0218817 0.95503 0.0230882
2 0.0589933 0.90883 0.0321768
2 0.104374 0.838654 0.0569723
2 0.148041 0.749874 0.102085
2 0.0910616 0.758931 0.150007
2 0.0743269 0.797734 0.127939
2 0.0318231 0.863754 0.104423
2 0.0120537 0.948523 0.039423
2 0.00426122 0.98121 0.014529
2 0.00488245 0.968009 0.0271084
2 0.0157181 0.87897 0.105312
2 0.0399508 0.761387 0.198662
2 0.0413725 0.624797 0.333831
2 0.0384092 0.720524 0.241066
2 0.0318147 0.75434 0.213845
2 0.0214066 0.841354 0.13724
2 0.0196077 0.848973 0.131419
2 0.0124989 0.916173 0.0713286
2 0.0271246 0.946736 0.0261392
2 0.0522175 0.920833 0.0269499
2 0.0292263 0.937352 0.0334216
2 0.0137084 0.945868 0.0404237
2 0.0248197 0.929264 0.0459163
2 0.0433292 0.905306 0.0513646
2 0.0324482 0.927705 0.0398468
2 0.0312069 0.892099 0.0766944
2 0.0201449 0.798606 0.181249
2 0.00530985 0.91924 0.07545
2 0.00624933 0.866161 0.127589
2 0.03188 0.763577 0.204542
2 0.119551 0.681484 0.198964
2 0.190293 0.623109 0.186599
4 0.462911 0.384174 0.152915
