labels 4 2 1
4 0.664784 0.187348 0.147869
4 0.453673 0.373362 0.172966
4 0.402925 0.364983 0.232092
2 0.187986 0.510035 0.301979
2 0.109385 0.506869 0.383747
2 0.0926746 0.540957 0.366368
2 0.089114 0.527634 0.383252
1 0.0754214 0.421244 0.503335
1 0.0911274 0.263518 0.645354
1 0.169849 0.184936 0.645215
1 0.215506 0.116806 0.667688
1 0.24415 0.200435 0.555415
1 0.346252 0.282821 0.370927
4 0.490246 0.326754 0.182999
4 0.483672 0.392686 0.123642
2 0.27862 0.58477 0.13661
2 0.245699 0.562439 0.191862
2 0.242422 0.582796 0.174782
2 0.403361 0.463508 0.133131
4 0.518767 0.361457 0.119776
4 0.518734 0.421644 0.0596217
2 0.385094 0.551921 0.0629849
2 0.217509 0.679772 0.102718
2 0.0831433 0.736548 0.180309
2 0.0295298 0.867638 0.102832
2 0.026381 0.917019 0.0566002
2 0.0971618 0.816843 0.0859957
2 0.163646 0.693546 0.142808
2 0.13469 0.761344 0.103966
2 0.118123 0.814582 0.0672946
2 0.0742553 0.879159 0.0465855
2 0.0510758 0.905048 0.0438758
2 0.0522653 0.869462 0.0782726
2 0.0527948 0.875925 0.0712804
2 0.062146 0.864153 0.0737007
2 0.0627941 0.837953 0.0992531
2 0.0606222 0.841163 0.0982152
2 0.102401 0.771047 0.126553
2 0.0662308 0.776587 0.157183
2 0.0949659 0.775422 0.129612
2 0.132543 0.762846 0.104611
2 0.170068 0.71918 0.110753
2 0.118457 0.72751 0.154033
2 0.248996 0.582928 0.168077
2 0.288677 0.533165 0.178158
2 0.317624 0.587819 0.0945567
2 0.132108 0.785613 0.0822795
2 0.128495 0.823791 0.0477135
2 0.0918361 0.854569 0.0535946
2 0.035238 0.930644 0.0341185
2 0.0200903 0.944169 0.035741
2 0.0244638 0.900893 0.0746428
2 0.0776331 0.736839 0.185528
2 0.109007 0.565142 0.325851
2 0.108755 0.504636 0.386609
2 0.0584634 0.537725 0.403811
2 0.0453785 0.590443 0.364178
2 0.0870877 0.653648 0.259264
2 0.22018 0.539149 0.24067
4 0.530225 0.267198 0.202578
