labels 4 2 1
4 0.741844 0.184308 0.0738473
4 0.509767 0.428176 0.0620577
2 0.41989 0.505613 0.0744978
2 0.279877 0.648865 0.0712576
2 0.186493 0.742535 0.0709725
2 0.128992 0.790588 0.0804203
2 0.111946 0.827611 0.0604433
2 0.14676 0.809972 0.0432682
2 0.268267 0.687345 0.0443872
2 0.339039 0.619779 0.0411815
2 0.213552 0.748774 0.0376742
2 0.238779 0.731968 0.0292527
2 0.23618 0.719927 0.0438932
2 0.185594 0.762346 0.0520605
2 0.126318 0.828403 0.0452789
2 0.136847 0.837774 0.0253795
2 0.119145 0.858069 0.0227857
2 0.0636035 0.918501 0.0178952
2 0.0795159 0.903081 0.0174033
2 0.0886866 0.892624 0.0186892
2 0.071481 0.911687 0.0168318
2 0.0574615 0.931001 0.0115374
2 0.06068 0.926262 0.0130576
2 0.155003 0.825939 0.019058
2 0.284772 0.670422 0.0448057
2 0.38831 0.542302 0.0693883
2 0.312165 0.629591 0.0582436
2 0.346887 0.612816 0.0402975
2 0.250369 0.683813 0.0658183
2 0.216702 0.727802 0.0554955
2 0.205258 0.724411 0.0703302
2 0.177907 0.758693 0.0633997
2 0.0831072 0.877576 0.0393173
2 0.0385113 0.930893 0.0305959
2 0.0345227 0.90346 0.0620173
2 0.058452 0.831992 0.109556
2 0.131572 0.613348 0.255079
2 0.199568 0.500288 0.300144
2 0.324519 0.520552 0.15493
2 0.432584 0.499295 0.0681211
2 0.262545 0.657247 0.0802081
2 0.223559 0.698171 0.07827
2 0.107715 0.811132 0.0811533
2 0.0885676 0.854282 0.05715
2 0.0776515 0.826435 0.0959137
2 0.0996245 0.770244 0.130132
2 0.14598 0.663649 0.190371
2 0.27203 0.500852 0.227119
2 0.198949 0.640645 0.160407
2 0.108583 0.739207 0.15221
2 0.111992 0.676107 0.211901
2 0.131881 0.617219 0.250899
2 0.115777 0.686568 0.197655
2 0.120131 0.769654 0.110216
2 0.139271 0.791638 0.0690903
2 0.0727212 0.849312 0.0779667
2 0.0869916 0.860019 0.0529898
2 0.131115 0.825758 0.0431265
2 0.236235 0.73539 0.0283751
2 0.321041 0.620749 0.0582094
