Secondary Structure Prediction Output by cSVM (Part of BalancedSSP)
TARGET: Q07817-1, Length: 60

SR#  AA  cSVM  pBeta  pCoil  pHelix
1    M   C     0.331  0.354  0.315
2    S   E     0.340  0.329  0.331
3    Q   H     0.328  0.297  0.375
4    S   H     0.322  0.293  0.385
5    N   H     0.314  0.303  0.383
6    R   H     0.320  0.299  0.381
7    E   H     0.327  0.288  0.385
8    L   H     0.319  0.272  0.409
9    V   H     0.327  0.267  0.406
10   V   H     0.326  0.288  0.386
11   D   H     0.331  0.327  0.342
12   F   E     0.349  0.327  0.324
13   L   E     0.352  0.337  0.311
14   S   E     0.369  0.349  0.282
15   Y   E     0.380  0.348  0.272
16   K   E     0.370  0.361  0.268
17   L   E     0.363  0.362  0.275
18   S   C     0.344  0.377  0.279
19   Q   C     0.345  0.380  0.276
20   K   C     0.326  0.397  0.277
21   G   C     0.330  0.384  0.286
22   Y   E     0.361  0.349  0.289
23   S   E     0.361  0.351  0.288
24   W   C     0.354  0.356  0.290
25   S   C     0.346  0.379  0.275
26   Q   C     0.336  0.388  0.276
27   F   C     0.331  0.392  0.277
28   S   C     0.337  0.395  0.268
29   D   C     0.352  0.384  0.264
30   V   C     0.369  0.375  0.256
31   E   C     0.345  0.384  0.271
32   E   C     0.361  0.371  0.268
33   N   C     0.359  0.375  0.266
34   R   C     0.360  0.374  0.266
35   T   C     0.371  0.373  0.256
36   E   C     0.366  0.374  0.260
37   A   C     0.362  0.375  0.263
38   P   C     0.350  0.384  0.265
39   E   C     0.347  0.385  0.269
40   G   C     0.351  0.383  0.265
41   T   C     0.361  0.376  0.263
42   E   E     0.382  0.362  0.255
43   S   C     0.366  0.373  0.261
44   E   C     0.359  0.379  0.261
45   M   C     0.365  0.380  0.256
46   E   C     0.363  0.384  0.253
47   T   C     0.346  0.395  0.258
48   P   C     0.357  0.387  0.256
49   S   C     0.363  0.383  0.254
50   A   C     0.348  0.390  0.261
51   I   C     0.346  0.391  0.263
52   N   C     0.337  0.400  0.263
53   G   C     0.327  0.410  0.263
54   N   C     0.332  0.402  0.267
55   P   C     0.341  0.393  0.265
56   S   C     0.326  0.405  0.269
57   W   C     0.331  0.400  0.269
58   H   C     0.330  0.400  0.270
59   L   C     0.334  0.400  0.266
60   A   C     0.332  0.406  0.262
