Secondary Structure Prediction Output (Part of REGAd3p ASA Prediction)
TARGET: Q07817-1, Length: 60

SR#  AA  SSp  pCoil          pBeta          pHelix
1    M   C    0.453454       0.442958       0.103589
2    S   E    0.181665       0.738299       0.0800358
3    Q   E    0.104924       0.758127       0.136949
4    S   E    0.0572825      0.875457       0.0672608
5    N   E    0.051181       0.90151        0.0473088
6    R   E    0.0252459      0.95242        0.0223344
7    E   E    0.0140903      0.977345       0.00856489
8    L   E    0.00449514     0.989563       0.00594201
9    V   E    0.00312269     0.991902       0.00497562
10   V   E    0.00366695     0.983534       0.0127989
11   D   E    0.00564714     0.978619       0.0157336
12   F   E    0.00237152     0.987887       0.00974121
13   L   E    0.00314116     0.981682       0.0151772
14   S   E    0.00518601     0.974826       0.0199879
15   Y   E    0.00440474     0.985909       0.00968632
16   K   E    0.0106721      0.984047       0.00528117
17   L   E    0.0167853      0.972656       0.0105588
18   S   E    0.0186207      0.963631       0.0177481
19   Q   E    0.022829       0.946299       0.0308724
20   K   E    0.0182143      0.966076       0.0157092
21   G   E    0.0128658      0.976687       0.0104475
22   Y   E    0.00318816     0.99041        0.00640157
23   S   E    0.00418694     0.987068       0.0087454
24   W   E    0.00691146     0.96385        0.0292385
25   S   E    0.0336714      0.923499       0.0428298
26   Q   E    0.0813737      0.808514       0.110113
27   F   E    0.165749       0.689096       0.145155
28   S   E    0.298561       0.588529       0.112909
29   D   E    0.278508       0.55214        0.169352
30   V   E    0.212813       0.538609       0.248578
31   E   E    0.162818       0.558315       0.278867
32   E   E    0.113563       0.635149       0.251288
33   N   E    0.168832       0.465852       0.365316
34   R   E    0.178157       0.472886       0.348957
35   T   E    0.16741        0.47632        0.356271
36   E   E    0.162172       0.482879       0.354949
37   A   E    0.198543       0.481149       0.320308
38   P   E    0.19072        0.438129       0.37115
39   E   E    0.207959       0.41846        0.37358
40   G   E    0.286808       0.381997       0.331195
41   T   H    0.27032        0.307246       0.422434
42   E   H    0.201916       0.373517       0.424567
43   S   H    0.251584       0.296553       0.451863
44   E   H    0.235137       0.342449       0.422414
45   M   E    0.195785       0.444901       0.359314
46   E   E    0.229827       0.478237       0.291936
47   T   E    0.231374       0.554845       0.213781
48   P   E    0.263871       0.542405       0.193724
49   S   E    0.169748       0.661572       0.168681
50   A   E    0.103413       0.703738       0.192849
51   I   E    0.107405       0.675601       0.216994
52   N   E    0.211914       0.536676       0.25141
53   G   E    0.280878       0.513359       0.205763
54   N   E    0.389811       0.440586       0.169603
55   P   E    0.388483       0.390821       0.220696
56   S   E    0.33557        0.466357       0.198073
57   W   E    0.260921       0.489364       0.249715
58   H   E    0.349924       0.463045       0.187031
59   L   C    0.498131       0.339779       0.16209
60   A   C    0.784131       0.11598        0.0998889
END
