labels 4 2 1
2 0.431416 0.526957 0.0416273
2 0.164636 0.810641 0.0247235
2 0.105922 0.875378 0.0186996
2 0.0495389 0.934149 0.0163122
2 0.071292 0.902422 0.0262862
2 0.113985 0.8243 0.0617144
2 0.13553 0.773584 0.0908866
2 0.140226 0.788818 0.0709564
2 0.257286 0.680402 0.0623114
2 0.3672 0.573966 0.058834
2 0.38556 0.574933 0.0395066
2 0.3496 0.609306 0.0410944
2 0.397227 0.582973 0.0197996
2 0.308247 0.672065 0.0196882
2 0.174105 0.796619 0.0292764
2 0.14878 0.810903 0.0403174
2 0.116934 0.798415 0.0846512
2 0.0673725 0.829919 0.102708
2 0.0709498 0.741814 0.187236
2 0.0714884 0.800371 0.128141
2 0.104673 0.817492 0.0778357
2 0.173565 0.751076 0.0753584
2 0.206415 0.680351 0.113234
2 0.0956973 0.722296 0.182007
2 0.0684993 0.767421 0.16408
2 0.0311052 0.860043 0.108852
2 0.0277675 0.875687 0.0965454
2 0.0304333 0.888209 0.0813573
2 0.0475244 0.857045 0.0954304
2 0.0730023 0.81546 0.111538
2 0.168542 0.646008 0.18545
2 0.139807 0.435561 0.424632
2 0.140148 0.497532 0.36232
2 0.158542 0.487359 0.3541
2 0.149706 0.574543 0.275751
2 0.106486 0.650602 0.242912
2 0.0968383 0.59952 0.303642
1 0.154766 0.383157 0.462076
1 0.141687 0.287797 0.570516
1 0.147254 0.355643 0.497103
1 0.186076 0.330221 0.483703
1 0.221147 0.35153 0.427323
2 0.308148 0.36208 0.329772
2 0.34341 0.425294 0.231296
2 0.301945 0.508789 0.189266
2 0.226749 0.583643 0.189608
2 0.169144 0.527752 0.303104
2 0.101898 0.645256 0.252846
2 0.0883583 0.754961 0.156681
2 0.0931028 0.783514 0.123384
2 0.134998 0.654419 0.210583
2 0.1461 0.583214 0.270686
2 0.205271 0.524517 0.270212
2 0.236708 0.511425 0.251867
2 0.38313 0.453464 0.163406
2 0.337758 0.541674 0.120569
2 0.331489 0.563818 0.104694
2 0.41125 0.515853 0.0728969
2 0.465385 0.469557 0.0650577
4 0.625944 0.288427 0.0856296
