labels 4 2 1
4 0.526168 0.338824 0.135008
2 0.354147 0.57286 0.0729934
2 0.282837 0.638018 0.0791447
2 0.151107 0.751909 0.0969835
2 0.0914108 0.825852 0.082737
2 0.0450408 0.895346 0.0596133
2 0.0164502 0.956623 0.0269271
2 0.0132308 0.95223 0.0345389
2 0.0244114 0.92949 0.0460984
2 0.026062 0.918879 0.0550594
2 0.0111094 0.956164 0.0327261
2 0.0222051 0.949325 0.0284703
2 0.0606138 0.90754 0.0318462
2 0.183962 0.766644 0.0493941
2 0.339486 0.619232 0.0412813
2 0.322723 0.63228 0.0449973
2 0.272301 0.669276 0.0584234
2 0.174456 0.725162 0.100382
2 0.168264 0.709199 0.122537
2 0.318363 0.550667 0.13097
2 0.323127 0.51039 0.166483
2 0.205185 0.616688 0.178126
2 0.16774 0.643437 0.188824
2 0.12095 0.53807 0.34098
2 0.0972131 0.501595 0.401192
2 0.122275 0.498226 0.3795
2 0.166107 0.517327 0.316566
1 0.140888 0.409809 0.449303
1 0.117339 0.385773 0.496888
1 0.207453 0.326589 0.465957
1 0.208949 0.358952 0.432098
2 0.115667 0.546688 0.337646
2 0.0476296 0.704139 0.248232
2 0.0435064 0.743518 0.212975
2 0.0531638 0.707389 0.239447
2 0.0748133 0.754002 0.171184
2 0.0538202 0.800216 0.145963
2 0.12657 0.735887 0.137543
2 0.207255 0.669164 0.12358
2 0.192901 0.680766 0.126332
2 0.208832 0.695433 0.0957355
2 0.222054 0.631321 0.146624
2 0.192315 0.681804 0.12588
2 0.174209 0.702963 0.122828
2 0.254684 0.607963 0.137352
2 0.306647 0.599478 0.093875
2 0.301299 0.58515 0.113552
2 0.294076 0.589473 0.116451
2 0.315326 0.568824 0.11585
2 0.226356 0.637261 0.136383
2 0.0861447 0.830481 0.0833744
2 0.0692855 0.875351 0.0553639
2 0.0371219 0.920565 0.0423128
2 0.0300904 0.944778 0.0251316
2 0.0263982 0.928518 0.0450842
2 0.035047 0.932193 0.0327601
2 0.0240816 0.952108 0.02381
2 0.0401361 0.940288 0.0195757
2 0.171622 0.783622 0.0447565
4 0.534127 0.410946 0.0549273
