labels 4 2 1
4 0.507696 0.429114 0.0631896
2 0.221522 0.725972 0.0525058
2 0.135841 0.799207 0.0649515
2 0.162158 0.752519 0.0853234
2 0.300873 0.564728 0.134399
2 0.309363 0.620529 0.0701083
2 0.346134 0.601217 0.0526495
2 0.245344 0.736115 0.0185408
2 0.205124 0.773011 0.0218648
2 0.178432 0.78675 0.0348183
2 0.134189 0.843417 0.0223934
2 0.133038 0.824152 0.0428102
2 0.155126 0.805044 0.0398306
2 0.0527448 0.929338 0.0179175
2 0.0344096 0.958609 0.00698119
2 0.0125765 0.984612 0.00281113
2 0.0372321 0.958252 0.00451613
2 0.0382843 0.956211 0.00550489
2 0.0228418 0.974803 0.00235519
2 0.0183215 0.979651 0.00202761
2 0.0152986 0.983542 0.00115975
2 0.0112243 0.988323 0.000453088
2 0.0140665 0.985351 0.000582605
2 0.0074927 0.992081 0.000426283
2 0.00719836 0.992191 0.000611119
2 0.00893788 0.990323 0.000739411
2 0.00834344 0.991127 0.00052981
2 0.0119376 0.987275 0.000787299
2 0.0143228 0.984884 0.000793516
2 0.0233185 0.975938 0.000743586
2 0.0482683 0.950962 0.000769789
2 0.0448507 0.954198 0.000951438
2 0.0387334 0.9601 0.00116706
2 0.0729809 0.922388 0.00463124
2 0.105432 0.888425 0.00614286
2 0.173439 0.820688 0.00587371
2 0.245089 0.750616 0.00429517
2 0.211387 0.786412 0.00220141
2 0.307597 0.688858 0.00354403
2 0.287816 0.70897 0.00321342
2 0.278078 0.717317 0.00460408
2 0.302338 0.687802 0.00985906
2 0.147989 0.842843 0.00916845
2 0.0759827 0.917928 0.00608929
2 0.0746515 0.920214 0.00513481
2 0.110948 0.885501 0.00355127
2 0.16728 0.828407 0.00431219
2 0.230169 0.764979 0.00485195
2 0.224424 0.771364 0.00421209
2 0.156636 0.839552 0.00381145
2 0.103823 0.894087 0.00208984
2 0.062646 0.935335 0.00201912
2 0.140364 0.854506 0.00513
2 0.151619 0.840621 0.0077605
2 0.0826553 0.911018 0.00632664
2 0.0483686 0.946404 0.00522751
2 0.0477869 0.944841 0.00737233
2 0.0539082 0.936024 0.0100673
2 0.0888684 0.897929 0.0132021
2 0.364486 0.600034 0.0354793
