Secondary Structure Prediction Output by cSVM (Part of BalancedSSP)
TARGET: O15169-1, Length: 60

SR#  AA  cSVM  pBeta  pCoil  pHelix
1    M   H     0.323  0.337  0.340
2    N   H     0.341  0.313  0.346
3    I   H     0.338  0.284  0.378
4    Q   H     0.329  0.292  0.379
5    E   H     0.332  0.302  0.366
6    Q   H     0.326  0.323  0.350
7    G   H     0.332  0.326  0.342
8    F   E     0.346  0.319  0.335
9    P   E     0.349  0.318  0.332
10   L   E     0.340  0.333  0.327
11   D   E     0.344  0.344  0.311
12   L   C     0.342  0.360  0.298
13   G   E     0.365  0.357  0.277
14   A   E     0.367  0.363  0.270
15   S   E     0.372  0.363  0.264
16   F   E     0.386  0.355  0.259
17   T   E     0.374  0.369  0.257
18   E   C     0.368  0.374  0.258
19   D   E     0.379  0.368  0.253
20   A   C     0.371  0.375  0.254
21   P   C     0.363  0.382  0.255
22   R   E     0.394  0.367  0.240
23   P   E     0.404  0.356  0.240
24   P   E     0.396  0.353  0.252
25   V   E     0.388  0.351  0.262
26   P   E     0.394  0.340  0.266
27   G   E     0.391  0.340  0.269
28   E   E     0.399  0.333  0.268
29   E   E     0.366  0.352  0.281
30   G   E     0.365  0.365  0.270
31   E   C     0.357  0.373  0.270
32   L   E     0.398  0.348  0.254
33   V   E     0.379  0.359  0.262
34   S   C     0.364  0.367  0.269
35   T   C     0.360  0.373  0.267
36   D   C     0.342  0.396  0.262
37   P   C     0.341  0.395  0.264
38   R   C     0.345  0.398  0.257
39   P   C     0.359  0.386  0.255
40   A   C     0.354  0.386  0.260
41   S   C     0.340  0.391  0.269
42   Y   C     0.350  0.383  0.268
43   S   C     0.365  0.365  0.270
44   F   C     0.362  0.362  0.276
45   C   E     0.358  0.357  0.285
46   S   C     0.354  0.369  0.277
47   G   E     0.375  0.360  0.265
48   K   C     0.339  0.389  0.273
49   G   C     0.347  0.385  0.268
50   V   C     0.353  0.390  0.258
51   G   C     0.331  0.406  0.263
52   I   C     0.340  0.401  0.259
53   K   C     0.328  0.409  0.263
54   G   C     0.357  0.383  0.261
55   E   C     0.356  0.382  0.263
56   T   C     0.367  0.373  0.260
57   S   E     0.375  0.368  0.257
58   T   E     0.378  0.366  0.256
59   A   E     0.375  0.369  0.256
60   T   C     0.343  0.397  0.260
