Secondary Structure Prediction Output by cSVM (Part of BalancedSSP)
TARGET: P35612-1, Length: 60

SR#  AA  cSVM  pBeta  pCoil  pHelix
1    M   C     0.336  0.341  0.324
2    S   H     0.342  0.312  0.346
3    E   H     0.345  0.296  0.359
4    E   E     0.356  0.292  0.352
5    T   E     0.391  0.293  0.316
6    V   E     0.383  0.317  0.300
7    P   E     0.396  0.315  0.289
8    E   E     0.374  0.333  0.294
9    A   E     0.377  0.334  0.289
10   A   E     0.379  0.346  0.275
11   S   E     0.373  0.368  0.259
12   P   C     0.369  0.379  0.252
13   P   E     0.377  0.373  0.250
14   P   C     0.365  0.383  0.252
15   P   C     0.362  0.382  0.256
16   Q   C     0.351  0.388  0.261
17   G   C     0.357  0.389  0.254
18   Q   C     0.358  0.391  0.251
19   P   C     0.364  0.385  0.251
20   Y   C     0.356  0.384  0.261
21   F   E     0.371  0.370  0.259
22   D   C     0.364  0.378  0.258
23   R   C     0.366  0.374  0.259
24   F   E     0.374  0.368  0.258
25   S   C     0.353  0.385  0.262
26   E   C     0.359  0.374  0.267
27   D   C     0.342  0.386  0.272
28   D   C     0.357  0.375  0.268
29   P   E     0.381  0.355  0.264
30   E   E     0.392  0.344  0.263
31   Y   E     0.389  0.346  0.265
32   M   C     0.363  0.371  0.267
33   R   C     0.340  0.396  0.264
34   L   C     0.331  0.405  0.265
35   R   C     0.318  0.415  0.267
36   N   C     0.330  0.404  0.266
37   R   C     0.343  0.390  0.267
38   A   E     0.367  0.364  0.269
39   A   E     0.397  0.345  0.258
40   D   E     0.376  0.356  0.268
41   L   C     0.361  0.367  0.272
42   R   C     0.341  0.388  0.271
43   Q   C     0.331  0.391  0.278
44   D   C     0.332  0.387  0.281
45   F   E     0.360  0.358  0.282
46   N   E     0.365  0.353  0.282
47   L   C     0.353  0.355  0.292
48   M   E     0.361  0.356  0.283
49   E   C     0.339  0.373  0.287
50   Q   C     0.329  0.393  0.278
51   K   C     0.318  0.411  0.271
52   K   C     0.319  0.411  0.270
53   R   C     0.324  0.412  0.263
54   V   C     0.340  0.385  0.275
55   T   C     0.346  0.380  0.274
56   M   C     0.354  0.371  0.275
57   I   C     0.358  0.366  0.276
58   L   C     0.350  0.367  0.282
59   Q   C     0.349  0.372  0.279
60   S   C     0.328  0.393  0.280
