labels 4 2 1
4 0.572145 0.386428 0.0414264
2 0.300796 0.667972 0.0312317
2 0.202065 0.759581 0.0383543
2 0.0927558 0.88618 0.0210644
2 0.0808179 0.903948 0.0152345
2 0.133048 0.841654 0.0252974
2 0.14835 0.817266 0.0343836
2 0.120409 0.84829 0.0313012
2 0.135714 0.842378 0.0219088
2 0.149187 0.836205 0.0146087
2 0.159664 0.832641 0.00769555
2 0.202639 0.78693 0.0104313
2 0.198451 0.785596 0.015953
2 0.199834 0.773397 0.0267689
2 0.162926 0.796441 0.0406327
2 0.142917 0.814646 0.0424368
2 0.209021 0.739873 0.0511057
2 0.28299 0.676112 0.040898
2 0.271797 0.693763 0.03444
2 0.211439 0.735863 0.0526988
2 0.120313 0.8368 0.0428872
2 0.105908 0.85953 0.034562
2 0.0969781 0.868244 0.034778
2 0.0550266 0.920326 0.0246469
2 0.142132 0.812955 0.0449127
2 0.160887 0.751571 0.0875418
2 0.159362 0.766483 0.0741552
2 0.140118 0.778217 0.0816649
2 0.0594454 0.878302 0.0622522
2 0.0548003 0.891134 0.0540653
2 0.0475911 0.874605 0.0778044
2 0.0719797 0.783032 0.144989
2 0.185406 0.584026 0.230568
2 0.249904 0.457688 0.292408
2 0.291093 0.474558 0.234349
2 0.329442 0.362436 0.308122
2 0.192986 0.462695 0.344319
2 0.118266 0.628056 0.253678
2 0.0957933 0.705861 0.198346
2 0.114318 0.705242 0.18044
2 0.0857736 0.63275 0.281476
2 0.133113 0.478209 0.388678
2 0.11331 0.55031 0.33638
2 0.143608 0.680451 0.175942
2 0.0545173 0.860588 0.084895
2 0.133114 0.760904 0.105982
2 0.161693 0.674029 0.164278
2 0.0929096 0.815202 0.0918881
2 0.119585 0.750624 0.129791
2 0.150495 0.796668 0.0528373
2 0.190002 0.776055 0.0339432
2 0.149864 0.826602 0.0235331
2 0.0850217 0.901643 0.0133358
2 0.0447307 0.941979 0.0132906
2 0.0394738 0.947078 0.0134486
2 0.024999 0.965287 0.00971358
2 0.031136 0.95752 0.0113443
2 0.0588346 0.919562 0.0216029
2 0.198475 0.772489 0.0290366
4 0.542658 0.397293 0.0600488
