labels 4 2 1
4 0.581109 0.365689 0.0532014
2 0.432006 0.544072 0.0239215
2 0.399216 0.558561 0.0422228
2 0.206762 0.752321 0.0409162
2 0.171362 0.790872 0.0377661
2 0.115051 0.839254 0.0456952
2 0.0428118 0.920923 0.0362647
2 0.0202562 0.933742 0.0460017
2 0.0131846 0.927104 0.059711
2 0.0165907 0.946879 0.0365303
2 0.0181077 0.943382 0.0385105
2 0.0175035 0.941766 0.0407308
2 0.0339692 0.906727 0.0593034
2 0.0433406 0.864673 0.0919868
2 0.062401 0.748464 0.189135
2 0.140647 0.575817 0.283536
1 0.177753 0.370186 0.452061
2 0.239538 0.409077 0.351385
4 0.431866 0.260691 0.307443
4 0.42809 0.242221 0.329689
4 0.371937 0.281933 0.34613
1 0.230028 0.342503 0.427468
2 0.0922977 0.62568 0.282023
2 0.067878 0.748639 0.183483
2 0.0511812 0.819401 0.129418
2 0.0530434 0.907119 0.0398381
2 0.0383629 0.928 0.0336372
2 0.0346957 0.927977 0.0373273
2 0.0485739 0.894943 0.056483
2 0.140341 0.782498 0.0771606
2 0.197554 0.713012 0.089434
2 0.211764 0.714461 0.0737746
2 0.203316 0.722403 0.0742816
2 0.26959 0.604028 0.126383
2 0.242463 0.633139 0.124398
2 0.18597 0.707577 0.106453
2 0.148654 0.687446 0.1639
2 0.163013 0.66286 0.174127
2 0.252833 0.548301 0.198865
2 0.27723 0.46431 0.25846
2 0.288836 0.512478 0.198686
4 0.43391 0.414021 0.152069
2 0.386919 0.460685 0.152397
2 0.355525 0.533473 0.111002
2 0.323572 0.502079 0.174349
2 0.229621 0.541942 0.228436
2 0.089353 0.762662 0.147985
2 0.0410263 0.903197 0.055777
2 0.0369015 0.945001 0.0180974
2 0.0443088 0.948479 0.00721239
2 0.0655814 0.922696 0.0117222
2 0.0651709 0.923623 0.0112062
2 0.0535171 0.929857 0.0166258
2 0.0584236 0.923064 0.0185123
2 0.0516785 0.935978 0.012344
2 0.0581687 0.934729 0.00710228
2 0.0919146 0.900913 0.00717245
2 0.226403 0.765441 0.00815528
4 0.493417 0.493061 0.0135221
4 0.742746 0.222074 0.0351797
