labels 4 2 1
4 0.774091 0.0873751 0.138534
4 0.604309 0.180956 0.214735
1 0.252659 0.265827 0.481513
1 0.151382 0.422932 0.425686
1 0.173563 0.375811 0.450626
4 0.366589 0.267698 0.365713
4 0.492502 0.19539 0.312108
4 0.455992 0.204008 0.34
4 0.402757 0.335575 0.261668
1 0.265648 0.309364 0.424988
1 0.364211 0.165753 0.470036
1 0.335315 0.125736 0.538949
1 0.368728 0.103309 0.527963
1 0.409809 0.107086 0.483105
1 0.172908 0.307242 0.51985
2 0.0526443 0.506674 0.440681
1 0.0578659 0.259988 0.682146
1 0.0627147 0.0991328 0.838153
1 0.0686273 0.0387459 0.892627
1 0.129652 0.0320694 0.838279
1 0.263654 0.0502327 0.686114
1 0.337471 0.0341148 0.628415
1 0.251587 0.0244695 0.723943
1 0.284124 0.0382806 0.677595
1 0.412718 0.0541087 0.533173
1 0.167274 0.0797433 0.752983
1 0.0682644 0.0855907 0.846145
1 0.0636196 0.0585289 0.877852
1 0.0966994 0.0482323 0.855068
1 0.186844 0.0374039 0.775752
1 0.363742 0.0781084 0.558149
4 0.56792 0.153222 0.278858
4 0.672798 0.140955 0.186247
4 0.602922 0.129933 0.267145
4 0.47072 0.224148 0.305132
4 0.403541 0.395853 0.200605
2 0.122426 0.796695 0.0808786
2 0.0313048 0.943768 0.024927
2 0.0355812 0.947048 0.0173707
2 0.126927 0.838274 0.0347989
2 0.42683 0.513335 0.0598354
4 0.568829 0.36582 0.0653514
2 0.448535 0.494954 0.0565112
4 0.56192 0.365101 0.0729789
4 0.540152 0.343201 0.116647
4 0.54998 0.305162 0.144858
4 0.582849 0.320573 0.0965779
2 0.338016 0.58573 0.0762541
2 0.156457 0.802112 0.0414313
2 0.228718 0.712043 0.0592388
2 0.294826 0.619961 0.0852136
2 0.182396 0.659725 0.157879
2 0.122281 0.723822 0.153898
2 0.0966908 0.717407 0.185902
2 0.0831293 0.51054 0.40633
1 0.144168 0.235156 0.620676
1 0.243542 0.18557 0.570889
4 0.437399 0.164733 0.397868
4 0.702277 0.0972124 0.200511
4 0.749935 0.0634427 0.186623
