Secondary Structure Prediction Output by cSVM (Part of BalancedSSP)
TARGET: O00585, Length: 60

SR#  AA  cSVM  pBeta  pCoil  pHelix
1    M   H     0.330  0.331  0.339
2    A   H     0.326  0.318  0.356
3    Q   H     0.315  0.307  0.377
4    S   H     0.310  0.300  0.390
5    L   H     0.314  0.309  0.378
6    A   H     0.311  0.325  0.364
7    L   H     0.311  0.321  0.367
8    S   H     0.309  0.313  0.378
9    L   H     0.314  0.314  0.372
10   L   H     0.323  0.327  0.350
11   I   C     0.325  0.342  0.333
12   L   C     0.333  0.359  0.308
13   V   C     0.331  0.372  0.297
14   L   C     0.341  0.373  0.286
15   A   C     0.348  0.369  0.283
16   F   C     0.351  0.365  0.284
17   G   C     0.342  0.380  0.278
18   I   C     0.346  0.384  0.270
19   P   C     0.345  0.390  0.266
20   R   C     0.347  0.389  0.264
21   T   C     0.346  0.385  0.269
22   Q   C     0.334  0.392  0.274
23   G   C     0.345  0.382  0.273
24   S   C     0.352  0.381  0.267
25   D   C     0.334  0.394  0.272
26   G   C     0.316  0.410  0.274
27   G   C     0.320  0.404  0.276
28   A   C     0.343  0.385  0.272
29   Q   C     0.355  0.374  0.271
30   D   E     0.390  0.325  0.285
31   C   E     0.414  0.277  0.309
32   C   E     0.431  0.267  0.302
33   L   E     0.427  0.295  0.277
34   K   E     0.379  0.354  0.267
35   Y   C     0.353  0.375  0.272
36   S   C     0.327  0.397  0.277
37   Q   C     0.324  0.403  0.274
38   R   C     0.347  0.394  0.259
39   K   C     0.337  0.393  0.270
40   I   C     0.368  0.369  0.263
41   P   E     0.371  0.364  0.265
42   A   E     0.373  0.364  0.263
43   K   C     0.355  0.376  0.269
44   V   E     0.362  0.362  0.276
45   V   E     0.381  0.338  0.280
46   R   E     0.380  0.343  0.277
47   S   E     0.392  0.329  0.279
48   Y   E     0.382  0.335  0.283
49   R   E     0.378  0.356  0.267
50   K   C     0.323  0.408  0.269
51   Q   C     0.320  0.413  0.267
52   E   C     0.321  0.414  0.265
53   P   C     0.321  0.412  0.267
54   S   C     0.338  0.394  0.268
55   L   C     0.351  0.375  0.275
56   G   C     0.352  0.369  0.279
57   C   E     0.368  0.350  0.282
58   S   C     0.345  0.387  0.268
59   I   C     0.333  0.403  0.264
60   P   C     0.333  0.409  0.258
