labels 4 2 1
4 0.525336 0.310103 0.164561
2 0.375113 0.546494 0.0783924
2 0.360367 0.563944 0.0756887
2 0.249918 0.688418 0.0616646
2 0.192711 0.750059 0.0572294
2 0.202812 0.763925 0.0332637
2 0.150713 0.803998 0.045289
2 0.102367 0.866991 0.0306415
2 0.0604505 0.916861 0.0226883
2 0.0385086 0.945686 0.015805
2 0.0217061 0.964599 0.0136944
2 0.0287644 0.944878 0.0263573
2 0.0368661 0.919896 0.0432379
2 0.0292963 0.921957 0.0487463
2 0.0355289 0.896778 0.0676936
2 0.0282386 0.875999 0.0957619
2 0.0446124 0.870423 0.0849649
2 0.0754102 0.823119 0.101471
2 0.134427 0.758239 0.107334
2 0.196763 0.709722 0.0935153
2 0.145541 0.795032 0.059427
2 0.193295 0.745473 0.0612324
2 0.21824 0.720296 0.0614642
2 0.211209 0.738204 0.0505863
2 0.215976 0.736462 0.0475626
2 0.333129 0.636145 0.030726
2 0.269531 0.697436 0.0330329
2 0.0941592 0.855048 0.0507924
2 0.0315493 0.912963 0.0554874
2 0.00628946 0.941536 0.052175
2 0.00017895 0.985005 0.0148157
2 6.42515e-05 0.991135 0.00880026
2 0.00142337 0.978987 0.0195897
2 0.0211561 0.933481 0.045363
2 0.0500067 0.845028 0.104965
2 0.132298 0.683524 0.184179
2 0.172605 0.577259 0.250136
2 0.143645 0.754608 0.101747
2 0.0860708 0.876658 0.0372717
2 0.0425385 0.938485 0.0189769
2 0.0338775 0.954596 0.011527
2 0.0783658 0.898788 0.022846
2 0.0919867 0.88944 0.0185728
2 0.0537771 0.931007 0.0152161
2 0.0199249 0.95283 0.0272455
2 0.0211779 0.922101 0.0567206
2 0.0171861 0.951835 0.0309789
2 0.0139192 0.969805 0.0162757
2 0.0434774 0.94619 0.0103323
2 0.171556 0.81193 0.0165141
2 0.181219 0.794731 0.0240504
2 0.186539 0.779272 0.0341886
2 0.0855639 0.887574 0.0268618
2 0.0320924 0.94357 0.0243376
2 0.0191765 0.955641 0.0251822
2 0.0111833 0.969882 0.0189352
2 0.00370674 0.991548 0.00474548
2 0.0314522 0.963123 0.00542487
2 0.150641 0.833185 0.0161738
2 0.460539 0.518609 0.0208521
