Secondary Structure Prediction Output (Part of REGAd3p ASA Prediction)
TARGET: O00585, Length: 60

SR#  AA  SSp  pCoil          pBeta          pHelix
1    M   C    0.525336       0.310103       0.164561
2    A   E    0.375113       0.546494       0.0783924
3    Q   E    0.360367       0.563944       0.0756887
4    S   E    0.249918       0.688418       0.0616646
5    L   E    0.192711       0.750059       0.0572294
6    A   E    0.202812       0.763925       0.0332637
7    L   E    0.150713       0.803998       0.045289
8    S   E    0.102367       0.866991       0.0306415
9    L   E    0.0604505      0.916861       0.0226883
10   L   E    0.0385086      0.945686       0.015805
11   I   E    0.0217061      0.964599       0.0136944
12   L   E    0.0287644      0.944878       0.0263573
13   V   E    0.0368661      0.919896       0.0432379
14   L   E    0.0292963      0.921957       0.0487463
15   A   E    0.0355289      0.896778       0.0676936
16   F   E    0.0282386      0.875999       0.0957619
17   G   E    0.0446124      0.870423       0.0849649
18   I   E    0.0754102      0.823119       0.101471
19   P   E    0.134427       0.758239       0.107334
20   R   E    0.196763       0.709722       0.0935153
21   T   E    0.145541       0.795032       0.059427
22   Q   E    0.193295       0.745473       0.0612324
23   G   E    0.21824        0.720296       0.0614642
24   S   E    0.211209       0.738204       0.0505863
25   D   E    0.215976       0.736462       0.0475626
26   G   E    0.333129       0.636145       0.030726
27   G   E    0.269531       0.697436       0.0330329
28   A   E    0.0941592      0.855048       0.0507924
29   Q   E    0.0315493      0.912963       0.0554874
30   D   E    0.00628946     0.941536       0.052175
31   C   E    0.00017895     0.985005       0.0148157
32   C   E    6.42515e-05    0.991135       0.00880026
33   L   E    0.00142337     0.978987       0.0195897
34   K   E    0.0211561      0.933481       0.045363
35   Y   E    0.0500067      0.845028       0.104965
36   S   E    0.132298       0.683524       0.184179
37   Q   E    0.172605       0.577259       0.250136
38   R   E    0.143645       0.754608       0.101747
39   K   E    0.0860708      0.876658       0.0372717
40   I   E    0.0425385      0.938485       0.0189769
41   P   E    0.0338775      0.954596       0.011527
42   A   E    0.0783658      0.898788       0.022846
43   K   E    0.0919867      0.88944        0.0185728
44   V   E    0.0537771      0.931007       0.0152161
45   V   E    0.0199249      0.95283        0.0272455
46   R   E    0.0211779      0.922101       0.0567206
47   S   E    0.0171861      0.951835       0.0309789
48   Y   E    0.0139192      0.969805       0.0162757
49   R   E    0.0434774      0.94619        0.0103323
50   K   E    0.171556       0.81193        0.0165141
51   Q   E    0.181219       0.794731       0.0240504
52   E   E    0.186539       0.779272       0.0341886
53   P   E    0.0855639      0.887574       0.0268618
54   S   E    0.0320924      0.94357        0.0243376
55   L   E    0.0191765      0.955641       0.0251822
56   G   E    0.0111833      0.969882       0.0189352
57   C   E    0.00370674     0.991548       0.00474548
58   S   E    0.0314522      0.963123       0.00542487
59   I   E    0.150641       0.833185       0.0161738
60   P   E    0.460539       0.518609       0.0208521
END
