labels 4 2 1
4 0.533753 0.363891 0.102356
2 0.293303 0.624592 0.0821052
2 0.233547 0.612047 0.154406
2 0.122677 0.694034 0.183289
2 0.0750297 0.722113 0.202858
2 0.0370721 0.725772 0.237156
2 0.0392066 0.655636 0.305158
2 0.0461582 0.569388 0.384454
2 0.0796606 0.660024 0.260315
2 0.0988611 0.660665 0.240473
2 0.0907896 0.688334 0.220876
2 0.0602015 0.773327 0.166472
2 0.0520153 0.850484 0.097501
2 0.0294494 0.864112 0.106438
2 0.030935 0.878194 0.0908712
2 0.0401117 0.869133 0.0907554
2 0.0422761 0.901583 0.0561413
2 0.0818887 0.814702 0.103409
2 0.0854942 0.775334 0.139172
2 0.129293 0.742324 0.128383
2 0.219512 0.606955 0.173533
2 0.188564 0.599345 0.212091
2 0.1431 0.729511 0.127389
2 0.214926 0.681364 0.103711
2 0.168595 0.700924 0.130482
2 0.170554 0.656028 0.173418
2 0.174342 0.617271 0.208387
2 0.195793 0.697384 0.106823
2 0.232389 0.675286 0.0923251
2 0.182627 0.681341 0.136032
2 0.106193 0.802742 0.0910652
2 0.162387 0.713114 0.124499
2 0.134384 0.71956 0.146056
2 0.160011 0.657828 0.182161
2 0.150034 0.686292 0.163674
2 0.139676 0.78479 0.0755335
2 0.144916 0.809338 0.0457465
2 0.0710477 0.888834 0.0401185
2 0.0885363 0.860231 0.0512323
2 0.156829 0.779463 0.063708
2 0.145046 0.781719 0.0732352
2 0.159036 0.766415 0.0745496
2 0.171136 0.752941 0.0759228
2 0.202587 0.738103 0.0593101
2 0.153077 0.800088 0.0468357
2 0.110238 0.832127 0.0576357
2 0.0869857 0.829699 0.0833152
2 0.0986907 0.817867 0.0834418
2 0.152237 0.728451 0.119312
2 0.172663 0.667454 0.159883
2 0.256564 0.559262 0.184174
2 0.270511 0.515421 0.214067
2 0.200104 0.6581 0.141796
2 0.110429 0.761682 0.127889
2 0.0645202 0.798852 0.136628
2 0.0761274 0.76751 0.156362
2 0.108231 0.724331 0.167438
2 0.135496 0.687086 0.177418
2 0.3114 0.543572 0.145028
4 0.637553 0.245011 0.117435
