labels 4 2 1
4 0.451756 0.426397 0.121847
2 0.166305 0.804389 0.0293054
2 0.181204 0.78346 0.0353356
2 0.0992431 0.861162 0.0395954
2 0.03057 0.922993 0.0464369
2 0.0322213 0.922889 0.0448896
2 0.0353131 0.887878 0.0768093
2 0.026599 0.89657 0.0768309
2 0.0231888 0.855605 0.121206
2 0.0258706 0.823366 0.150764
2 0.00800538 0.859651 0.132343
2 0.00396417 0.952417 0.0436188
2 0.0155722 0.952185 0.0322428
2 0.0682575 0.89245 0.0392928
2 0.0745873 0.898257 0.0271555
2 0.081922 0.851451 0.0666274
2 0.0763428 0.835121 0.088536
2 0.0557648 0.864452 0.0797829
2 0.0338856 0.878141 0.0879738
2 0.0215473 0.933358 0.0450948
2 0.0166647 0.948375 0.0349603
2 0.00313379 0.987285 0.00958151
2 0.00475306 0.979463 0.015784
2 0.0243264 0.926929 0.0487446
2 0.0686331 0.823412 0.107955
2 0.0894304 0.789983 0.120586
2 0.0676721 0.814734 0.117594
2 0.0973562 0.771172 0.131472
2 0.0856401 0.804939 0.109421
2 0.0554634 0.7637 0.180837
2 0.0756371 0.733516 0.190847
2 0.0891328 0.776552 0.134316
2 0.0514928 0.870875 0.0776319
2 0.0152579 0.963734 0.0210082
2 0.0442677 0.936361 0.0193714
2 0.111492 0.855195 0.0333136
2 0.182958 0.772092 0.04495
2 0.254892 0.715791 0.0293168
2 0.218585 0.755783 0.0256327
2 0.170544 0.811051 0.0184044
2 0.109098 0.848683 0.0422187
2 0.0643239 0.894119 0.0415574
2 0.0520527 0.910198 0.0377497
2 0.0350762 0.942102 0.0228216
2 0.0591929 0.9119 0.0289075
2 0.160185 0.789457 0.0503583
2 0.245552 0.672291 0.0821571
2 0.175409 0.775115 0.0494763
2 0.113818 0.849521 0.0366609
2 0.0760459 0.895092 0.0288625
2 0.0513282 0.908895 0.0397772
2 0.0899862 0.835098 0.0749155
2 0.125419 0.781151 0.0934303
2 0.0513661 0.862107 0.0865268
2 0.0836694 0.775721 0.14061
2 0.0890327 0.634078 0.276889
2 0.0913718 0.633909 0.274719
2 0.0606978 0.756994 0.182309
2 0.171424 0.638868 0.189708
4 0.500584 0.307586 0.19183
