labels 4 2 1
2 0.292054 0.678544 0.0294017
2 0.135487 0.857067 0.00744645
2 0.188225 0.800599 0.0111758
2 0.204148 0.782761 0.0130912
2 0.145102 0.842347 0.0125513
2 0.156345 0.833469 0.0101861
2 0.13184 0.862295 0.00586547
2 0.117088 0.876579 0.00633325
2 0.169336 0.815508 0.0151555
2 0.150791 0.832295 0.016914
2 0.184329 0.788278 0.0273934
2 0.117153 0.860933 0.021914
2 0.125823 0.845212 0.0289649
2 0.220465 0.759354 0.0201807
2 0.299787 0.681706 0.0185074
4 0.499887 0.482791 0.0173225
4 0.535368 0.441351 0.0232802
2 0.24753 0.743653 0.00881748
2 0.172776 0.822663 0.00456055
2 0.146009 0.849305 0.00468611
2 0.117211 0.877241 0.00554807
2 0.142361 0.846994 0.0106442
2 0.148528 0.840778 0.0106936
2 0.13351 0.855853 0.010637
2 0.0384892 0.955978 0.00553289
2 0.0124178 0.985572 0.00201026
2 0.0302078 0.968192 0.0015998
2 0.0582971 0.940378 0.00132527
2 0.0243654 0.974571 0.00106315
2 0.0418738 0.957173 0.000953058
2 0.0543685 0.94459 0.00104133
2 0.0435031 0.954952 0.00154461
2 0.026699 0.971895 0.00140606
2 0.0144956 0.984757 0.000747427
2 0.0229244 0.976053 0.00102285
2 0.0349081 0.964179 0.000913063
2 0.0194198 0.979876 0.000704306
2 0.0223727 0.976889 0.000738283
2 0.0381076 0.960846 0.00104684
2 0.0643636 0.934241 0.00139544
2 0.123672 0.874568 0.00175988
2 0.126044 0.872207 0.00174904
2 0.296723 0.698156 0.00512114
2 0.177285 0.820308 0.00240682
2 0.12647 0.870618 0.00291248
2 0.0440021 0.954395 0.00160326
2 0.0180555 0.981197 0.000747808
2 0.00896598 0.989991 0.00104279
2 0.0122729 0.986637 0.00109005
2 0.0141406 0.98401 0.00184944
2 0.0137091 0.983773 0.00251798
2 0.0113051 0.986844 0.0018513
2 0.0216962 0.975822 0.00248168
2 0.0106391 0.987521 0.00184007
2 0.0160951 0.982754 0.00115107
2 0.0335642 0.964186 0.00224938
2 0.0825238 0.914506 0.0029702
2 0.0566288 0.937232 0.0061392
2 0.0460467 0.949624 0.00432888
2 0.0478764 0.946081 0.00604247
