Secondary Structure Prediction Output by cSVM (Part of BalancedSSP)
TARGET: P00736, Length: 60

SR#  AA  cSVM  pBeta  pCoil  pHelix
1    M   H     0.327  0.333  0.341
2    W   E     0.349  0.307  0.344
3    L   H     0.341  0.286  0.373
4    L   H     0.335  0.286  0.380
5    Y   H     0.345  0.280  0.374
6    L   H     0.347  0.290  0.363
7    L   H     0.327  0.299  0.374
8    V   H     0.319  0.314  0.367
9    P   H     0.330  0.311  0.359
10   A   H     0.333  0.327  0.339
11   L   H     0.329  0.332  0.339
12   F   C     0.322  0.352  0.326
13   C   C     0.339  0.359  0.302
14   R   C     0.333  0.387  0.280
15   A   C     0.334  0.395  0.271
16   G   C     0.326  0.403  0.271
17   G   C     0.331  0.403  0.266
18   S   C     0.329  0.410  0.262
19   I   C     0.324  0.416  0.260
20   P   C     0.337  0.409  0.254
21   I   C     0.336  0.405  0.259
22   P   C     0.345  0.395  0.260
23   Q   C     0.356  0.377  0.267
24   K   E     0.373  0.358  0.268
25   L   E     0.396  0.333  0.271
26   F   E     0.417  0.313  0.270
27   G   E     0.372  0.349  0.279
28   E   E     0.384  0.356  0.260
29   V   E     0.368  0.366  0.266
30   T   C     0.369  0.373  0.258
31   S   C     0.360  0.382  0.258
32   P   E     0.375  0.370  0.255
33   L   E     0.379  0.364  0.256
34   F   E     0.411  0.348  0.241
35   P   E     0.398  0.354  0.247
36   K   E     0.394  0.362  0.244
37   P   E     0.407  0.347  0.246
38   Y   E     0.422  0.330  0.247
39   P   E     0.411  0.339  0.250
40   N   E     0.379  0.365  0.256
41   N   C     0.357  0.382  0.261
42   F   C     0.354  0.384  0.261
43   E   C     0.342  0.389  0.269
44   T   C     0.347  0.390  0.263
45   T   C     0.369  0.375  0.255
46   T   E     0.391  0.356  0.253
47   V   E     0.395  0.351  0.254
48   I   E     0.413  0.332  0.255
49   T   E     0.410  0.333  0.257
50   V   E     0.404  0.336  0.260
51   P   E     0.406  0.336  0.258
52   T   E     0.386  0.348  0.267
53   G   C     0.355  0.373  0.273
54   Y   E     0.386  0.345  0.269
55   R   E     0.385  0.355  0.260
56   V   E     0.398  0.351  0.251
57   K   E     0.379  0.365  0.255
58   L   E     0.410  0.336  0.254
59   V   E     0.378  0.353  0.269
60   F   E     0.369  0.359  0.272
