labels 4 2 1
2 0.217603 0.560157 0.22224
2 0.0789057 0.811356 0.109738
2 0.110487 0.706022 0.183491
2 0.131852 0.66188 0.206267
2 0.248636 0.526247 0.225117
2 0.341447 0.444417 0.214136
2 0.294072 0.532243 0.173684
2 0.221481 0.565166 0.213353
2 0.204888 0.488329 0.306784
2 0.127608 0.457422 0.41497
2 0.105865 0.658479 0.235656
2 0.113877 0.673679 0.212444
2 0.152296 0.639623 0.208081
2 0.173833 0.608028 0.218139
2 0.214692 0.617252 0.168056
2 0.237722 0.628222 0.134056
2 0.290123 0.553343 0.156534
2 0.174783 0.699746 0.125471
2 0.0799342 0.867094 0.0529721
2 0.0681946 0.858296 0.0735092
2 0.0692214 0.870151 0.060628
2 0.0539786 0.87208 0.0739416
2 0.091418 0.850556 0.0580265
2 0.109619 0.832438 0.0579429
2 0.221651 0.677581 0.100768
2 0.225889 0.667963 0.106148
2 0.186423 0.736042 0.0775357
2 0.058609 0.847153 0.0942376
2 0.056276 0.845957 0.097767
2 0.0863566 0.717002 0.196642
2 0.133853 0.526439 0.339708
1 0.160772 0.350333 0.488895
1 0.138643 0.430567 0.430789
2 0.136265 0.559444 0.304291
2 0.138525 0.588018 0.273457
2 0.113374 0.527935 0.358692
2 0.147038 0.507015 0.345947
1 0.225423 0.379338 0.39524
1 0.294814 0.28812 0.417066
2 0.263575 0.374837 0.361588
2 0.242421 0.466571 0.291008
2 0.227359 0.56781 0.204831
2 0.261389 0.519153 0.219458
2 0.262531 0.542914 0.194554
2 0.240469 0.646014 0.113517
2 0.190307 0.768111 0.041581
2 0.151287 0.81282 0.0358938
2 0.139444 0.804311 0.056246
2 0.120429 0.801737 0.0778346
2 0.139803 0.717284 0.142913
2 0.11646 0.665929 0.217611
2 0.106913 0.621092 0.271995
2 0.116741 0.575138 0.308121
2 0.139264 0.49251 0.368226
2 0.181273 0.413013 0.405714
1 0.255146 0.339536 0.405318
1 0.312165 0.283078 0.404757
4 0.420986 0.279353 0.299661
4 0.484727 0.271068 0.244205
4 0.578288 0.168877 0.252836
