labels 4 2 1
4 0.68086 0.206684 0.112456
2 0.401254 0.53993 0.0588162
2 0.406281 0.550538 0.0431807
2 0.252752 0.687764 0.0594843
2 0.139565 0.803744 0.0566909
2 0.204656 0.746587 0.0487563
2 0.218704 0.714879 0.0664167
2 0.199727 0.761853 0.0384199
2 0.282266 0.679886 0.0378479
2 0.44319 0.512745 0.044065
2 0.409117 0.535649 0.0552341
2 0.270108 0.659558 0.0703337
2 0.100869 0.862502 0.0366287
2 0.139595 0.828964 0.031441
2 0.219141 0.743695 0.0371638
2 0.205136 0.755197 0.0396666
2 0.256094 0.692044 0.0518621
2 0.31513 0.635116 0.0497537
2 0.182295 0.779172 0.0385325
2 0.0920108 0.87732 0.0306691
2 0.0889313 0.882613 0.028456
2 0.17925 0.775124 0.0456253
2 0.184369 0.7687 0.0469306
2 0.239379 0.71477 0.0458511
2 0.180385 0.778219 0.0413958
2 0.193145 0.775009 0.0318461
2 0.109432 0.864099 0.0264685
2 0.119614 0.839005 0.0413808
2 0.164808 0.766114 0.0690782
2 0.0795576 0.880547 0.0398954
2 0.0231875 0.956919 0.0198939
2 0.0237245 0.95536 0.0209151
2 0.0318271 0.946124 0.0220488
2 0.0198528 0.971088 0.0090596
2 0.0201832 0.975702 0.00411483
2 0.034372 0.96305 0.00257779
2 0.0155209 0.9831 0.00137882
2 0.0113315 0.987165 0.00150335
2 0.0081807 0.990023 0.00179609
2 0.0221488 0.974335 0.00351586
2 0.0649689 0.928736 0.00629509
2 0.160854 0.82627 0.0128756
2 0.143732 0.841123 0.0151448
2 0.0623304 0.929173 0.00849665
2 0.0460086 0.947971 0.00602018
2 0.0644203 0.929168 0.00641138
2 0.022092 0.97593 0.00197806
2 0.0269209 0.971676 0.00140289
2 0.0236126 0.973835 0.00255199
2 0.0419824 0.954822 0.00319577
2 0.057872 0.934032 0.0080959
2 0.0754592 0.909408 0.015133
2 0.0730491 0.909568 0.0173831
2 0.0756887 0.911052 0.0132597
2 0.0352364 0.955432 0.00933139
2 0.0208669 0.972165 0.00696782
2 0.0389206 0.950186 0.0108939
2 0.0597561 0.914189 0.026055
2 0.118609 0.847854 0.0335372
2 0.336844 0.599909 0.0632465
