Secondary Structure Prediction Output by cSVM (Part of BalancedSSP)
TARGET: P07766, Length: 60

SR#  AA  cSVM  pBeta  pCoil  pHelix
1    M   H     0.319  0.319  0.362
2    Q   H     0.324  0.312  0.364
3    S   H     0.315  0.304  0.382
4    G   H     0.304  0.314  0.382
5    T   H     0.304  0.315  0.381
6    H   H     0.303  0.314  0.383
7    W   H     0.309  0.308  0.383
8    R   H     0.308  0.316  0.376
9    V   H     0.324  0.311  0.366
10   L   H     0.329  0.320  0.351
11   G   C     0.330  0.339  0.332
12   L   C     0.327  0.354  0.320
13   C   C     0.325  0.367  0.308
14   L   C     0.331  0.376  0.294
15   L   C     0.329  0.383  0.288
16   S   C     0.322  0.396  0.281
17   V   C     0.332  0.389  0.279
18   G   C     0.328  0.389  0.282
19   V   C     0.340  0.377  0.283
20   W   C     0.337  0.385  0.278
21   G   C     0.326  0.400  0.275
22   Q   C     0.336  0.393  0.271
23   D   C     0.327  0.399  0.274
24   G   C     0.327  0.393  0.279
25   N   C     0.334  0.385  0.281
26   E   C     0.344  0.372  0.284
27   E   C     0.337  0.369  0.294
28   M   C     0.353  0.363  0.284
29   G   C     0.337  0.378  0.286
30   G   C     0.324  0.394  0.282
31   I   C     0.342  0.382  0.275
32   T   C     0.355  0.382  0.262
33   Q   C     0.353  0.385  0.262
34   T   C     0.354  0.384  0.262
35   P   C     0.367  0.368  0.264
36   Y   C     0.364  0.365  0.271
37   K   E     0.385  0.350  0.264
38   V   E     0.406  0.334  0.261
39   S   E     0.385  0.348  0.267
40   I   E     0.387  0.349  0.264
41   S   C     0.359  0.372  0.269
42   G   C     0.335  0.398  0.267
43   T   C     0.332  0.402  0.266
44   T   C     0.335  0.398  0.267
45   V   C     0.359  0.372  0.268
46   I   E     0.394  0.355  0.252
47   L   E     0.409  0.333  0.257
48   T   E     0.396  0.340  0.264
49   C   E     0.382  0.347  0.271
50   P   C     0.366  0.374  0.260
51   Q   C     0.337  0.398  0.264
52   Y   C     0.327  0.415  0.259
53   P   C     0.317  0.420  0.263
54   G   C     0.326  0.408  0.266
55   S   C     0.332  0.399  0.268
56   E   C     0.341  0.391  0.268
57   I   C     0.351  0.377  0.272
58   L   C     0.351  0.378  0.271
59   W   E     0.364  0.363  0.273
60   Q   C     0.344  0.384  0.273
