labels 4 2 1
4 0.5079 0.307533 0.184567
2 0.42611 0.509006 0.0648834
4 0.560236 0.374802 0.0649619
4 0.571783 0.364732 0.0634859
2 0.460416 0.467766 0.0718179
2 0.274241 0.626352 0.0994068
2 0.108041 0.817851 0.0741081
2 0.105772 0.855999 0.0382295
2 0.0770733 0.899669 0.0232581
2 0.0691197 0.910995 0.0198853
2 0.087749 0.88744 0.0248113
2 0.0723975 0.891053 0.03655
2 0.0500933 0.927323 0.0225842
2 0.0488334 0.918232 0.0329342
2 0.0617794 0.889036 0.0491844
2 0.0872323 0.851759 0.0610083
2 0.100199 0.783237 0.116565
2 0.0562418 0.863896 0.0798624
2 0.0381332 0.89789 0.0639769
2 0.0436466 0.84801 0.108343
2 0.116694 0.746125 0.137181
2 0.182412 0.70751 0.110078
2 0.263557 0.661272 0.0751707
2 0.363748 0.573264 0.0629876
2 0.289189 0.640777 0.0700333
2 0.195373 0.732087 0.0725409
2 0.15128 0.772728 0.0759915
2 0.17741 0.733724 0.0888662
2 0.350324 0.558996 0.0906797
2 0.398113 0.538793 0.0630938
2 0.287702 0.675341 0.0369568
2 0.316949 0.637675 0.0453765
2 0.281814 0.671642 0.0465435
2 0.240125 0.725581 0.0342949
2 0.13548 0.83499 0.0295305
2 0.0434734 0.941267 0.0152595
2 0.0346371 0.95635 0.00901307
2 0.0185927 0.974763 0.00664475
2 0.0163836 0.979421 0.00419575
2 0.0334856 0.959286 0.00722846
2 0.0765334 0.915141 0.00832597
2 0.227919 0.760796 0.0112852
2 0.203514 0.78601 0.0104752
2 0.0741788 0.919819 0.0060025
2 0.0233118 0.9736 0.00308784
2 0.0178341 0.978525 0.00364108
2 0.0124703 0.981662 0.00586749
2 0.0158333 0.977329 0.00683765
2 0.0114348 0.982894 0.00567159
2 0.0493035 0.938236 0.012461
2 0.141455 0.815708 0.0428378
2 0.247108 0.683807 0.0690848
2 0.318423 0.52329 0.158287
2 0.315329 0.52975 0.154921
2 0.259838 0.605857 0.134305
2 0.12764 0.713799 0.15856
2 0.0545021 0.835542 0.109956
2 0.0741224 0.869852 0.0560258
2 0.0743337 0.886688 0.0389783
2 0.277952 0.639819 0.0822284
