Secondary Structure Prediction Output (Part of REGAd3p ASA Prediction)
TARGET: P07766, Length: 60

SR#  AA  SSp  pCoil          pBeta          pHelix
1    M   C    0.5079         0.307533       0.184567
2    Q   E    0.42611        0.509006       0.0648834
3    S   C    0.560236       0.374802       0.0649619
4    G   C    0.571783       0.364732       0.0634859
5    T   E    0.460416       0.467766       0.0718179
6    H   E    0.274241       0.626352       0.0994068
7    W   E    0.108041       0.817851       0.0741081
8    R   E    0.105772       0.855999       0.0382295
9    V   E    0.0770733      0.899669       0.0232581
10   L   E    0.0691197      0.910995       0.0198853
11   G   E    0.087749       0.88744        0.0248113
12   L   E    0.0723975      0.891053       0.03655
13   C   E    0.0500933      0.927323       0.0225842
14   L   E    0.0488334      0.918232       0.0329342
15   L   E    0.0617794      0.889036       0.0491844
16   S   E    0.0872323      0.851759       0.0610083
17   V   E    0.100199       0.783237       0.116565
18   G   E    0.0562418      0.863896       0.0798624
19   V   E    0.0381332      0.89789        0.0639769
20   W   E    0.0436466      0.84801        0.108343
21   G   E    0.116694       0.746125       0.137181
22   Q   E    0.182412       0.70751        0.110078
23   D   E    0.263557       0.661272       0.0751707
24   G   E    0.363748       0.573264       0.0629876
25   N   E    0.289189       0.640777       0.0700333
26   E   E    0.195373       0.732087       0.0725409
27   E   E    0.15128        0.772728       0.0759915
28   M   E    0.17741        0.733724       0.0888662
29   G   E    0.350324       0.558996       0.0906797
30   G   E    0.398113       0.538793       0.0630938
31   I   E    0.287702       0.675341       0.0369568
32   T   E    0.316949       0.637675       0.0453765
33   Q   E    0.281814       0.671642       0.0465435
34   T   E    0.240125       0.725581       0.0342949
35   P   E    0.13548        0.83499        0.0295305
36   Y   E    0.0434734      0.941267       0.0152595
37   K   E    0.0346371      0.95635        0.00901307
38   V   E    0.0185927      0.974763       0.00664475
39   S   E    0.0163836      0.979421       0.00419575
40   I   E    0.0334856      0.959286       0.00722846
41   S   E    0.0765334      0.915141       0.00832597
42   G   E    0.227919       0.760796       0.0112852
43   T   E    0.203514       0.78601        0.0104752
44   T   E    0.0741788      0.919819       0.0060025
45   V   E    0.0233118      0.9736         0.00308784
46   I   E    0.0178341      0.978525       0.00364108
47   L   E    0.0124703      0.981662       0.00586749
48   T   E    0.0158333      0.977329       0.00683765
49   C   E    0.0114348      0.982894       0.00567159
50   P   E    0.0493035      0.938236       0.012461
51   Q   E    0.141455       0.815708       0.0428378
52   Y   E    0.247108       0.683807       0.0690848
53   P   E    0.318423       0.52329        0.158287
54   G   E    0.315329       0.52975        0.154921
55   S   E    0.259838       0.605857       0.134305
56   E   E    0.12764        0.713799       0.15856
57   I   E    0.0545021      0.835542       0.109956
58   L   E    0.0741224      0.869852       0.0560258
59   W   E    0.0743337      0.886688       0.0389783
60   Q   E    0.277952       0.639819       0.0822284
END
