labels 4 2 1
4 0.49354 0.329491 0.176969
2 0.310121 0.467388 0.222491
1 0.170061 0.380696 0.449242
2 0.071943 0.515017 0.41304
1 0.0957478 0.38327 0.520983
1 0.129226 0.392144 0.47863
2 0.170282 0.526412 0.303307
2 0.214062 0.524158 0.261779
2 0.325013 0.540438 0.134549
2 0.331809 0.585741 0.0824503
2 0.347087 0.593605 0.0593082
2 0.368706 0.556993 0.0743007
2 0.312091 0.608851 0.079058
2 0.237001 0.707561 0.0554381
2 0.117245 0.857562 0.0251927
2 0.144112 0.840845 0.0150435
2 0.210249 0.769412 0.0203389
2 0.183169 0.799778 0.0170535
2 0.213636 0.764204 0.0221598
2 0.172763 0.809098 0.0181393
2 0.0779827 0.91054 0.0114777
2 0.0651408 0.924478 0.0103813
2 0.0489615 0.940959 0.0100795
2 0.0801362 0.908334 0.0115299
2 0.14357 0.82786 0.0285693
2 0.22739 0.737237 0.0353733
2 0.339283 0.622493 0.038224
2 0.409232 0.558129 0.0326396
2 0.392006 0.580542 0.0274518
2 0.335531 0.627317 0.037152
2 0.311001 0.635294 0.0537057
2 0.385154 0.557223 0.0576227
2 0.38894 0.563935 0.0471245
2 0.338801 0.61081 0.0503891
2 0.246658 0.721434 0.031908
2 0.185049 0.795169 0.0197824
2 0.293222 0.68153 0.0252489
2 0.309005 0.676352 0.014643
4 0.537321 0.449938 0.0127415
2 0.492596 0.495627 0.011777
2 0.247065 0.740325 0.0126099
2 0.108098 0.880229 0.0116728
2 0.132518 0.85336 0.0141223
2 0.168206 0.813561 0.0182329
2 0.228776 0.747127 0.0240966
2 0.165501 0.820212 0.0142879
2 0.195484 0.793027 0.0114889
2 0.257639 0.721991 0.0203707
2 0.230497 0.751896 0.0176073
2 0.199928 0.78127 0.0188019
2 0.357327 0.622034 0.0206388
2 0.327517 0.6532 0.0192829
2 0.33897 0.643385 0.0176452
2 0.346157 0.628241 0.0256021
2 0.304053 0.667476 0.0284712
2 0.204149 0.768725 0.0271259
2 0.138157 0.834422 0.027421
2 0.177164 0.801848 0.0209876
2 0.273502 0.697904 0.0285947
4 0.47933 0.475626 0.0450445
