labels 4 2 1
4 0.491149 0.402099 0.106751
2 0.0958646 0.837508 0.0666277
2 0.0273452 0.934937 0.0377175
2 0.0283745 0.94796 0.0236653
2 0.0574524 0.923477 0.019071
2 0.0611295 0.913807 0.0250636
2 0.0661438 0.892102 0.0417546
2 0.101045 0.83995 0.0590045
2 0.105019 0.830232 0.0647492
2 0.147861 0.756066 0.0960723
2 0.171635 0.739454 0.0889113
2 0.311745 0.614584 0.0736707
2 0.429874 0.491839 0.0782867
2 0.412246 0.469632 0.118122
2 0.243594 0.636911 0.119495
2 0.160318 0.707869 0.131812
2 0.0632662 0.896665 0.0400692
2 0.0247382 0.943303 0.0319592
2 0.0107599 0.963129 0.026111
2 0.0156009 0.950691 0.0337079
2 0.031877 0.939012 0.0291107
2 0.0209127 0.963985 0.0151027
2 0.0237178 0.961581 0.0147008
2 0.0324967 0.92234 0.0451634
2 0.0444553 0.92203 0.0335151
2 0.0274404 0.95283 0.0197299
2 0.0199556 0.967942 0.0121022
2 0.0123788 0.978333 0.00928851
2 0.0235914 0.958252 0.0181564
2 0.0235928 0.944019 0.0323882
2 0.0282446 0.896082 0.0756735
2 0.0456596 0.639114 0.315227
1 0.0906071 0.377133 0.53226
1 0.195092 0.277043 0.527864
2 0.236442 0.468781 0.294777
2 0.24076 0.544325 0.214914
2 0.320355 0.53379 0.145855
2 0.291429 0.493166 0.215405
2 0.262739 0.397486 0.339775
2 0.332364 0.40176 0.265876
2 0.306615 0.449992 0.243393
2 0.249897 0.576618 0.173485
2 0.213454 0.667353 0.119193
2 0.145443 0.776864 0.0776924
2 0.125952 0.806238 0.0678099
2 0.0910563 0.86295 0.045994
2 0.0489038 0.93045 0.0206459
2 0.0640001 0.912445 0.0235551
2 0.0388447 0.944166 0.016989
2 0.0307847 0.959594 0.00962104
2 0.0349016 0.95095 0.0141485
2 0.0548908 0.921433 0.0236764
2 0.10028 0.859767 0.0399525
2 0.111006 0.839431 0.0495622
2 0.168685 0.795564 0.0357502
2 0.233766 0.729312 0.0369221
2 0.134162 0.824637 0.0412008
2 0.101678 0.865576 0.032746
2 0.134316 0.823276 0.0424079
2 0.219989 0.704869 0.0751414
