labels 4 2 1
4 0.458322 0.351325 0.190353
2 0.338566 0.555503 0.105931
2 0.32347 0.551095 0.125435
2 0.215089 0.651715 0.133196
2 0.223983 0.694374 0.0816435
2 0.247608 0.714304 0.0380885
2 0.170089 0.787199 0.0427121
2 0.169097 0.77848 0.0524226
2 0.105627 0.810738 0.0836346
2 0.0888538 0.835833 0.0753129
2 0.0536687 0.823549 0.122783
2 0.0486527 0.755879 0.195468
2 0.0549245 0.749675 0.195401
2 0.0654177 0.733257 0.201326
2 0.0468582 0.737949 0.215193
2 0.0905746 0.65788 0.251546
2 0.0972137 0.598702 0.304084
2 0.0661233 0.755871 0.178006
2 0.0388259 0.846336 0.114839
2 0.0347562 0.864675 0.100569
2 0.0618188 0.83726 0.100921
2 0.109347 0.773163 0.117489
2 0.087719 0.694982 0.217299
2 0.162779 0.579762 0.257459
2 0.204154 0.537166 0.25868
2 0.171474 0.689039 0.139487
2 0.0931014 0.77153 0.135369
2 0.139501 0.782368 0.0781306
2 0.163843 0.729676 0.106481
2 0.0697705 0.839971 0.090258
2 0.0774291 0.850099 0.0724722
2 0.0989112 0.691275 0.209814
2 0.103334 0.628996 0.26767
2 0.0986325 0.618731 0.282637
2 0.122261 0.658164 0.219575
2 0.0993751 0.794703 0.105922
2 0.132642 0.813183 0.0541748
2 0.0646737 0.862286 0.0730402
2 0.0751498 0.87483 0.05002
2 0.0488516 0.872522 0.0786267
2 0.026525 0.931288 0.0421872
2 0.019255 0.961043 0.0197019
2 0.0236886 0.962358 0.013953
2 0.0355506 0.943662 0.0207879
2 0.0696006 0.90645 0.0239499
2 0.0631202 0.901796 0.0350839
2 0.0691539 0.901571 0.0292748
2 0.0845235 0.883173 0.0323034
2 0.116443 0.834503 0.0490537
2 0.171466 0.782299 0.0462354
2 0.188759 0.772514 0.0387267
2 0.172759 0.804232 0.0230092
2 0.06859 0.916278 0.0151321
2 0.0341092 0.948768 0.0171228
2 0.0365256 0.93107 0.0324041
2 0.0452704 0.917849 0.0368806
2 0.0584334 0.918003 0.0235635
2 0.0519744 0.928834 0.0191912
2 0.0726824 0.893923 0.0333951
2 0.39267 0.525188 0.0821416
