labels 4 2 1
4 0.528229 0.388382 0.0833892
2 0.317518 0.607504 0.0749779
2 0.276744 0.585338 0.137918
2 0.184283 0.7414 0.0743162
2 0.239296 0.718308 0.0423965
2 0.15168 0.821028 0.0272925
2 0.122604 0.854167 0.0232291
2 0.0588383 0.918626 0.0225359
2 0.0475205 0.939341 0.0131386
2 0.0306102 0.959998 0.00939214
2 0.0269706 0.966414 0.00661543
2 0.0307772 0.961618 0.00760486
2 0.0694546 0.91608 0.0144657
2 0.0728891 0.912646 0.0144649
2 0.0742635 0.910365 0.0153713
2 0.0744138 0.901263 0.0243228
2 0.0601834 0.912051 0.0277651
2 0.0792883 0.890071 0.0306402
2 0.127035 0.835373 0.0375923
2 0.16753 0.797927 0.0345423
2 0.196669 0.752223 0.0511084
2 0.301653 0.643013 0.0553335
2 0.417658 0.470927 0.111415
4 0.462901 0.375207 0.161892
4 0.480694 0.345372 0.173934
4 0.560956 0.288053 0.150991
4 0.622636 0.251481 0.125883
4 0.564836 0.237345 0.19782
4 0.430593 0.255811 0.313596
1 0.320447 0.308569 0.370984
2 0.292935 0.426155 0.28091
2 0.23256 0.501863 0.265577
2 0.167375 0.620869 0.211756
2 0.182467 0.653983 0.16355
2 0.148956 0.730323 0.120721
2 0.231679 0.615749 0.152571
2 0.175892 0.727165 0.0969421
2 0.171721 0.785656 0.0426232
2 0.159898 0.81996 0.0201417
2 0.289806 0.685485 0.0247093
2 0.369117 0.602033 0.0288498
2 0.375378 0.592954 0.0316683
2 0.342797 0.612813 0.0443898
2 0.463236 0.475766 0.0609978
2 0.382096 0.575764 0.0421409
2 0.285866 0.678788 0.0353458
2 0.343003 0.610998 0.0459988
2 0.351116 0.596245 0.0526391
2 0.285866 0.656297 0.0578369
2 0.278005 0.646025 0.0759702
2 0.354198 0.534794 0.111008
2 0.373348 0.512286 0.114366
2 0.332226 0.568857 0.0989174
2 0.262392 0.660182 0.0774255
2 0.22263 0.7218 0.0555704
2 0.116003 0.857034 0.0269631
2 0.0636406 0.922696 0.0136635
2 0.0571696 0.93572 0.0071103
2 0.0732363 0.922782 0.00398196
2 0.17402 0.810172 0.0158079
