labels 4 2 1
4 0.625459 0.287058 0.0874831
2 0.342174 0.594284 0.0635415
2 0.248531 0.672232 0.0792371
2 0.143271 0.7642 0.0925292
2 0.0890312 0.823858 0.0871108
2 0.0919286 0.859739 0.0483327
2 0.088373 0.866355 0.0452715
2 0.0526147 0.923197 0.024188
2 0.0889148 0.884647 0.026438
2 0.11451 0.83303 0.0524598
2 0.113991 0.835829 0.0501806
2 0.141165 0.809644 0.0491918
2 0.160151 0.761926 0.0779235
2 0.172532 0.770776 0.0566922
2 0.165108 0.765588 0.0693043
2 0.0345886 0.916065 0.0493459
2 0.013561 0.955582 0.0308566
2 0.0126987 0.942525 0.0447762
2 0.0520878 0.888132 0.0597806
2 0.0654909 0.889001 0.0455078
2 0.050173 0.89651 0.0533173
2 0.056451 0.899535 0.0440144
2 0.0406643 0.90276 0.056576
2 0.0429846 0.922497 0.0345185
2 0.0417512 0.91854 0.0397086
2 0.0568948 0.876605 0.0665001
2 0.079647 0.842545 0.0778076
2 0.0759661 0.824869 0.0991649
2 0.10197 0.782085 0.115945
2 0.0872994 0.766781 0.145919
2 0.106218 0.751902 0.14188
2 0.0946753 0.734643 0.170681
2 0.0441557 0.851295 0.104549
2 0.0130158 0.9048 0.0821838
2 0.0226592 0.893783 0.0835582
2 0.0332813 0.905489 0.0612295
2 0.0384551 0.93112 0.0304251
2 0.0578169 0.924257 0.0179261
2 0.0565188 0.927687 0.0157944
2 0.0525837 0.919377 0.0280392
2 0.0471975 0.916637 0.0361657
2 0.0268707 0.941268 0.0318613
2 0.0137893 0.966428 0.0197827
2 0.0135176 0.974389 0.0120938
2 0.0213669 0.960727 0.0179062
2 0.0549737 0.889201 0.0558255
2 0.104511 0.831713 0.0637761
2 0.183747 0.712998 0.103255
2 0.210246 0.682716 0.107038
2 0.28719 0.607978 0.104833
2 0.257954 0.54694 0.195106
2 0.228686 0.527822 0.243492
2 0.142121 0.525973 0.331906
2 0.0832442 0.608719 0.308037
2 0.0733135 0.695262 0.231424
2 0.0640047 0.798213 0.137782
2 0.0288198 0.895182 0.0759985
2 0.0543858 0.902251 0.0433632
2 0.101087 0.832825 0.0660875
2 0.255974 0.61027 0.133757
