labels 4 2 1
4 0.543905 0.32643 0.129665
2 0.213803 0.640742 0.145454
2 0.14744 0.734557 0.118003
2 0.0904947 0.7723 0.137205
2 0.105953 0.755884 0.138163
2 0.127227 0.791773 0.0809997
2 0.168299 0.794186 0.0375152
2 0.176729 0.797809 0.0254621
2 0.130531 0.846446 0.0230229
2 0.0934543 0.890453 0.0160923
2 0.119199 0.868375 0.0124256
2 0.142433 0.838446 0.0191209
2 0.0921673 0.890026 0.0178065
2 0.0731455 0.918028 0.00882645
2 0.0741266 0.916336 0.0095372
2 0.152927 0.829575 0.0174979
2 0.133011 0.856505 0.0104839
2 0.0878919 0.900271 0.0118374
2 0.0502022 0.942905 0.00689261
2 0.0963615 0.892899 0.0107391
2 0.130974 0.841069 0.0279579
2 0.159808 0.806088 0.0341039
2 0.199522 0.762302 0.0381769
2 0.259901 0.672392 0.0677074
2 0.191128 0.761168 0.0477046
2 0.124018 0.824932 0.0510503
2 0.10507 0.847066 0.047864
2 0.147698 0.806363 0.0459391
2 0.187997 0.751887 0.0601158
2 0.174876 0.76438 0.0607431
2 0.190174 0.77685 0.0329767
2 0.133743 0.850218 0.0160388
2 0.128162 0.863221 0.00861681
2 0.125354 0.868806 0.00584024
2 0.0983864 0.8959 0.00571354
2 0.0787037 0.917092 0.00420452
2 0.0662763 0.931918 0.00180557
2 0.0497702 0.948861 0.00136843
2 0.0214818 0.977842 0.000676418
2 0.0120896 0.987309 0.000601678
2 0.0230378 0.976139 0.000822885
2 0.0405518 0.95822 0.00122791
2 0.0395282 0.955356 0.00511611
2 0.0455311 0.949629 0.00483941
2 0.104556 0.888704 0.00674064
2 0.223605 0.767068 0.00932705
2 0.139639 0.84552 0.0148403
2 0.1701 0.817815 0.0120844
2 0.171153 0.822203 0.00664406
2 0.0727444 0.92476 0.00249526
2 0.0410937 0.956239 0.00266691
2 0.0566644 0.93887 0.00446556
2 0.0770146 0.912206 0.0107791
2 0.0495611 0.941868 0.00857074
2 0.0243865 0.973582 0.00203182
2 0.0177015 0.98116 0.00113826
2 0.0136602 0.985433 0.000906921
2 0.0372897 0.960146 0.00256452
2 0.179095 0.815677 0.00522718
2 0.403817 0.582789 0.0133932
