labels 4 2 1
4 0.625392 0.350426 0.0241815
2 0.251214 0.737901 0.0108854
2 0.0831127 0.910094 0.00679294
2 0.0167777 0.98022 0.00300228
2 0.00421107 0.994027 0.00176201
2 0.00290851 0.996144 0.000947272
2 0.00222252 0.995606 0.00217128
2 0.00400763 0.992659 0.00333297
2 0.0107804 0.981208 0.00801131
2 0.0200225 0.953937 0.0260402
2 0.0233511 0.948734 0.027915
2 0.0290712 0.95157 0.0193584
2 0.0123471 0.983407 0.00424634
2 0.00461083 0.993625 0.00176426
2 0.00155904 0.997476 0.000964769
2 0.00204323 0.9967 0.00125649
2 3.2055e-06 0.998844 0.0011529
2 1.26826e-06 0.999652 0.000346453
2 1.44682e-06 0.999805 0.000193686
2 0.0023001 0.997265 0.00043471
2 0.00580608 0.993426 0.000767656
2 0.0129835 0.985633 0.00138346
2 0.00855977 0.990201 0.00123957
2 0.0104341 0.988416 0.00114976
2 0.0060461 0.993245 0.000708937
2 0.00859499 0.990607 0.000798195
2 0.0129972 0.985778 0.00122527
2 0.0180871 0.97871 0.00320277
2 0.0179059 0.978703 0.0033916
2 0.0124175 0.982164 0.00541868
2 0.0106325 0.984861 0.00450638
2 0.00302553 0.994128 0.00284648
2 0.00591257 0.989372 0.00471561
2 0.0207675 0.956506 0.0227269
2 0.0265164 0.927873 0.0456103
2 0.0311067 0.926081 0.0428122
2 0.0340515 0.932245 0.0337036
2 0.0337473 0.928836 0.0374164
2 0.0360044 0.909227 0.0547684
2 0.0239956 0.946171 0.029833
2 0.0139888 0.968637 0.0173744
2 0.0145526 0.969437 0.0160108
2 0.0172321 0.953638 0.0291301
2 0.0369161 0.893036 0.0700475
2 0.0946796 0.824029 0.0812915
2 0.0607509 0.906082 0.0331669
2 0.0507915 0.937707 0.011502
2 0.0113412 0.978757 0.00990215
2 0.0010051 0.996767 0.00222808
2 4.21866e-06 0.998307 0.0016887
2 0.00113959 0.996841 0.00201986
2 0.00148547 0.997201 0.00131381
2 0.00284137 0.996166 0.000992186
2 0.00213626 0.996625 0.00123905
2 0.00809669 0.986606 0.00529733
2 0.0307042 0.949218 0.020078
2 0.0319565 0.942532 0.0255118
2 0.0542041 0.931546 0.0142494
2 0.102193 0.887135 0.0106723
2 0.29015 0.684443 0.0254066
