labels 4 2 1
4 0.593929 0.324428 0.0816434
2 0.2892 0.654875 0.0559248
2 0.342421 0.572747 0.0848312
2 0.264919 0.65001 0.0850713
2 0.367156 0.544293 0.0885516
2 0.291941 0.607107 0.100952
2 0.19599 0.739809 0.0642006
2 0.12831 0.827785 0.0439047
2 0.0326339 0.935778 0.0315885
2 0.0167763 0.965466 0.017758
2 0.0125993 0.960278 0.0271229
2 0.0134647 0.928197 0.0583378
2 0.0291134 0.876918 0.093969
2 0.0270575 0.837054 0.135889
2 0.0301324 0.879808 0.0900594
2 0.0403364 0.885361 0.0743021
2 0.0260946 0.913075 0.0608308
2 0.0303573 0.92474 0.0449023
2 0.0638699 0.881866 0.0542644
2 0.0668193 0.896213 0.0369675
2 0.0926174 0.877024 0.0303591
2 0.0551051 0.894566 0.0503289
2 0.0490914 0.884409 0.0664995
2 0.0373188 0.820161 0.142521
2 0.0284658 0.904665 0.0668696
2 0.0119975 0.951427 0.0365757
2 0.0113886 0.952073 0.0365381
2 0.0273995 0.888695 0.0839056
2 0.080276 0.816614 0.10311
2 0.0420982 0.921456 0.0364462
2 0.0155555 0.968422 0.0160226
2 0.0163614 0.964901 0.0187376
2 0.0256097 0.954551 0.0198392
2 0.0334904 0.943036 0.0234739
2 0.0234448 0.960562 0.0159936
2 0.0161137 0.976527 0.00735909
2 0.0140231 0.979753 0.00622348
2 0.00764219 0.988781 0.0035771
2 0.00510259 0.988833 0.00606459
2 0.011892 0.974019 0.0140893
2 0.0356699 0.937295 0.0270346
2 0.0301318 0.943769 0.026099
2 0.0201234 0.961577 0.0182992
2 0.0564647 0.917255 0.0262804
2 0.1163 0.840317 0.0433825
2 0.0975295 0.854348 0.0481221
2 0.0392815 0.923583 0.0371355
2 0.0620684 0.895325 0.0426064
2 0.0713505 0.847266 0.0813837
2 0.125941 0.741891 0.132168
2 0.183187 0.594797 0.222016
2 0.104387 0.824628 0.0709858
2 0.0343834 0.942958 0.0226588
2 0.0182558 0.968247 0.013497
2 0.0252537 0.956273 0.0184735
2 0.0307731 0.930504 0.0387228
2 0.0308242 0.947921 0.0212546
2 0.0322012 0.9414 0.0263992
2 0.0758216 0.888027 0.0361514
2 0.223663 0.693576 0.0827609
