Secondary Structure Prediction Output (Part of REGAd3p ASA Prediction)
TARGET: P35869, Length: 60

SR#  AA  SSp  pCoil          pBeta          pHelix
1    M   C    0.746014       0.233236       0.0207492
2    N   C    0.587072       0.383356       0.0295716
3    S   C    0.476781       0.446136       0.0770833
4    S   E    0.316651       0.572101       0.111249
5    S   E    0.252214       0.560148       0.187638
6    A   E    0.227025       0.519663       0.253312
7    N   E    0.137435       0.608954       0.253611
8    I   E    0.0679881      0.786526       0.145486
9    T   E    0.0392275      0.877393       0.0833797
10   Y   E    0.0224334      0.909913       0.0676538
11   A   E    0.0213869      0.918323       0.06029
12   S   E    0.0473381      0.814191       0.138471
13   R   E    0.0817598      0.809951       0.10829
14   K   E    0.0787352      0.834402       0.0868625
15   R   E    0.0652976      0.894497       0.040205
16   R   E    0.0691447      0.9047         0.0261551
17   K   E    0.0832813      0.902975       0.0137434
18   P   E    0.0484607      0.941501       0.0100381
19   V   E    0.0307537      0.964255       0.00499132
20   Q   E    0.0403139      0.955058       0.00462847
21   K   E    0.070858       0.921248       0.00789418
22   T   E    0.0754224      0.916063       0.00851439
23   V   E    0.0583281      0.931571       0.0101008
24   K   E    0.103331       0.889295       0.0073746
25   P   E    0.0871322      0.904608       0.00825999
26   I   E    0.0397425      0.955741       0.00451683
27   P   E    0.0360511      0.95683        0.00711921
28   A   E    0.0337355      0.951979       0.0142852
29   E   E    0.0253149      0.955682       0.0190032
30   G   E    0.0369217      0.93441        0.0286687
31   I   E    0.0247658      0.953527       0.0217076
32   K   E    0.0342804      0.937521       0.0281987
33   S   E    0.0513231      0.909968       0.0387085
34   N   E    0.0447175      0.914074       0.0412084
35   P   E    0.0522843      0.883073       0.0646429
36   S   E    0.0343053      0.911282       0.0544129
37   K   E    0.0224091      0.932581       0.0450103
38   R   E    0.0453594      0.895611       0.0590296
39   H   E    0.0280365      0.915748       0.056216
40   R   E    0.0393027      0.932385       0.0283119
41   D   E    0.0469725      0.929619       0.023409
42   R   E    0.0680352      0.920896       0.0110687
43   L   E    0.0451334      0.940606       0.0142603
44   N   E    0.0584019      0.928          0.0135981
45   T   E    0.0363541      0.950323       0.0133228
46   E   E    0.0309837      0.957755       0.0112608
47   L   E    0.0255399      0.960303       0.0141572
48   D   E    0.0378636      0.945011       0.0171253
49   R   E    0.0536462      0.935766       0.0105883
50   L   E    0.0465955      0.944059       0.00934559
51   A   E    0.0443418      0.951027       0.00463098
52   S   E    0.088439       0.906014       0.00554705
53   L   E    0.0536523      0.938384       0.007964
54   L   E    0.0126145      0.983188       0.00419782
55   P   E    0.00345833     0.994519       0.0020225
56   F   E    0.00176806     0.996835       0.00139666
57   P   E    0.0027016      0.994759       0.0025396
58   Q   E    0.00677477     0.989862       0.00336274
59   D   E    0.0320892      0.962414       0.00549731
60   V   E    0.106324       0.881297       0.0123788
END
