Secondary Structure Prediction Output by cSVM (Part of BalancedSSP)
TARGET: P35869, Length: 60

SR#  AA  cSVM  pBeta  pCoil  pHelix
1    M   C     0.327  0.355  0.318
2    N   H     0.330  0.324  0.345
3    S   H     0.320  0.297  0.384
4    S   H     0.315  0.301  0.384
5    S   H     0.316  0.307  0.377
6    A   H     0.313  0.320  0.367
7    N   H     0.337  0.313  0.350
8    I   H     0.327  0.316  0.356
9    T   E     0.353  0.305  0.341
10   Y   E     0.365  0.301  0.334
11   A   E     0.389  0.312  0.299
12   S   C     0.354  0.356  0.291
13   R   C     0.348  0.374  0.278
14   K   C     0.344  0.387  0.270
15   R   C     0.336  0.399  0.265
16   R   C     0.358  0.386  0.256
17   K   E     0.380  0.370  0.250
18   P   E     0.420  0.337  0.243
19   V   E     0.427  0.331  0.242
20   Q   E     0.422  0.340  0.238
21   K   E     0.389  0.364  0.247
22   T   E     0.375  0.370  0.255
23   V   E     0.388  0.364  0.248
24   K   C     0.356  0.391  0.252
25   P   C     0.355  0.389  0.256
26   I   E     0.403  0.355  0.242
27   P   E     0.402  0.354  0.244
28   A   E     0.419  0.337  0.244
29   E   E     0.411  0.337  0.252
30   G   E     0.383  0.351  0.266
31   I   E     0.389  0.350  0.261
32   K   E     0.380  0.361  0.259
33   S   E     0.377  0.364  0.259
34   N   C     0.361  0.374  0.265
35   P   E     0.370  0.357  0.273
36   S   E     0.373  0.357  0.270
37   K   E     0.387  0.355  0.259
38   R   C     0.365  0.372  0.263
39   H   C     0.342  0.380  0.278
40   R   C     0.334  0.392  0.273
41   D   C     0.335  0.392  0.273
42   R   C     0.347  0.390  0.263
43   L   C     0.351  0.375  0.274
44   N   C     0.338  0.390  0.272
45   T   C     0.343  0.380  0.276
46   E   C     0.339  0.382  0.279
47   L   C     0.334  0.384  0.282
48   D   C     0.346  0.380  0.274
49   R   C     0.342  0.392  0.266
50   L   C     0.348  0.390  0.262
51   A   C     0.333  0.401  0.266
52   S   C     0.335  0.406  0.259
53   L   C     0.323  0.414  0.264
54   L   C     0.338  0.394  0.268
55   P   C     0.349  0.380  0.271
56   F   E     0.386  0.355  0.260
57   P   E     0.399  0.347  0.255
58   Q   E     0.410  0.340  0.250
59   D   E     0.403  0.343  0.254
60   V   C     0.363  0.372  0.266
