Secondary Structure Prediction Output by cSVM (Part of BalancedSSP)
TARGET: P27695, Length: 60

SR#  AA  cSVM  pBeta  pCoil  pHelix
1    M   E     0.353  0.329  0.318
2    P   E     0.364  0.298  0.338
3    K   E     0.371  0.279  0.350
4    R   E     0.358  0.285  0.357
5    G   H     0.335  0.298  0.367
6    K   H     0.334  0.309  0.357
7    K   H     0.339  0.318  0.344
8    G   E     0.344  0.325  0.330
9    A   E     0.358  0.324  0.318
10   V   E     0.352  0.345  0.303
11   A   C     0.326  0.374  0.300
12   E   C     0.335  0.385  0.279
13   D   C     0.328  0.397  0.275
14   G   C     0.325  0.402  0.273
15   D   C     0.338  0.393  0.269
16   E   C     0.348  0.389  0.263
17   L   C     0.340  0.396  0.264
18   R   C     0.345  0.397  0.258
19   T   C     0.352  0.392  0.256
20   E   C     0.351  0.392  0.257
21   P   C     0.364  0.378  0.259
22   E   E     0.376  0.368  0.256
23   A   C     0.355  0.379  0.265
24   K   C     0.362  0.378  0.259
25   K   C     0.352  0.387  0.261
26   S   C     0.356  0.385  0.259
27   K   C     0.361  0.381  0.258
28   T   C     0.370  0.372  0.258
29   A   E     0.378  0.363  0.259
30   A   E     0.390  0.358  0.252
31   K   E     0.373  0.373  0.254
32   K   C     0.369  0.376  0.255
33   N   C     0.365  0.376  0.259
34   D   C     0.358  0.376  0.265
35   K   C     0.365  0.371  0.264
36   E   E     0.376  0.364  0.260
37   A   C     0.358  0.375  0.267
38   A   C     0.357  0.374  0.269
39   G   C     0.348  0.383  0.269
40   E   C     0.337  0.391  0.272
41   G   C     0.339  0.396  0.265
42   P   C     0.350  0.392  0.258
43   A   C     0.347  0.393  0.260
44   L   C     0.344  0.395  0.261
45   Y   C     0.341  0.395  0.264
46   E   C     0.350  0.389  0.261
47   D   C     0.345  0.397  0.258
48   P   C     0.354  0.390  0.257
49   P   C     0.364  0.380  0.256
50   D   C     0.355  0.388  0.257
51   Q   C     0.331  0.409  0.260
52   K   C     0.333  0.411  0.256
53   T   C     0.331  0.414  0.255
54   S   C     0.328  0.410  0.262
55   P   C     0.334  0.398  0.268
56   S   C     0.338  0.396  0.267
57   G   C     0.331  0.403  0.267
58   K   C     0.324  0.410  0.266
59   P   C     0.333  0.403  0.265
60   A   C     0.338  0.399  0.263
