labels 4 2 1
2 0.427648 0.477302 0.0950505
2 0.176459 0.77085 0.0526903
2 0.130137 0.809401 0.0604621
2 0.110754 0.824491 0.0647553
2 0.182556 0.723541 0.0939028
2 0.20392 0.683528 0.112552
2 0.19788 0.683413 0.118708
2 0.24188 0.63331 0.124811
2 0.219202 0.662517 0.118281
2 0.147711 0.762211 0.0900783
2 0.129561 0.746324 0.124114
2 0.126032 0.755554 0.118415
2 0.227721 0.556134 0.216145
2 0.237072 0.463917 0.299011
2 0.202205 0.527132 0.270663
2 0.134085 0.666524 0.199391
2 0.12676 0.693267 0.179974
2 0.117408 0.749244 0.133348
2 0.0941973 0.797935 0.107867
2 0.103386 0.809627 0.0869868
2 0.103381 0.798522 0.0980966
2 0.113727 0.780263 0.10601
2 0.14048 0.743799 0.115721
2 0.182423 0.686024 0.131553
2 0.221901 0.631659 0.14644
2 0.250746 0.585709 0.163545
2 0.28175 0.520415 0.197836
2 0.215555 0.551793 0.232652
2 0.154769 0.654937 0.190295
2 0.150114 0.716759 0.133127
2 0.184726 0.694289 0.120986
2 0.203797 0.670385 0.125818
2 0.281429 0.552907 0.165664
2 0.276906 0.565882 0.157211
2 0.257169 0.596749 0.146082
2 0.207403 0.635114 0.157483
2 0.212513 0.613949 0.173538
2 0.207389 0.667311 0.125301
2 0.249033 0.63977 0.111197
2 0.291075 0.625735 0.0831901
2 0.387713 0.55594 0.0563475
2 0.451874 0.484879 0.0632468
2 0.355407 0.586738 0.0578557
2 0.313975 0.616626 0.0693983
2 0.215375 0.694358 0.0902671
2 0.205602 0.737228 0.0571695
2 0.30526 0.653996 0.0407439
2 0.317077 0.639807 0.0431162
2 0.331777 0.610127 0.0580958
2 0.265425 0.655899 0.078676
2 0.247303 0.700998 0.0516986
2 0.381228 0.5562 0.0625725
2 0.326381 0.602394 0.0712249
2 0.271544 0.652234 0.0762216
2 0.257903 0.649963 0.0921344
2 0.202978 0.714555 0.0824662
2 0.22063 0.721129 0.0582417
2 0.292545 0.671011 0.0364434
2 0.378141 0.571191 0.0506677
4 0.481993 0.434807 0.0832005
