Secondary Structure Prediction Output (Part of REGAd3p ASA Prediction)
TARGET: P27695, Length: 60

SR#  AA  SSp  pCoil          pBeta          pHelix
1    M   E    0.427648       0.477302       0.0950505
2    P   E    0.176459       0.77085        0.0526903
3    K   E    0.130137       0.809401       0.0604621
4    R   E    0.110754       0.824491       0.0647553
5    G   E    0.182556       0.723541       0.0939028
6    K   E    0.20392        0.683528       0.112552
7    K   E    0.19788        0.683413       0.118708
8    G   E    0.24188        0.63331        0.124811
9    A   E    0.219202       0.662517       0.118281
10   V   E    0.147711       0.762211       0.0900783
11   A   E    0.129561       0.746324       0.124114
12   E   E    0.126032       0.755554       0.118415
13   D   E    0.227721       0.556134       0.216145
14   G   E    0.237072       0.463917       0.299011
15   D   E    0.202205       0.527132       0.270663
16   E   E    0.134085       0.666524       0.199391
17   L   E    0.12676        0.693267       0.179974
18   R   E    0.117408       0.749244       0.133348
19   T   E    0.0941973      0.797935       0.107867
20   E   E    0.103386       0.809627       0.0869868
21   P   E    0.103381       0.798522       0.0980966
22   E   E    0.113727       0.780263       0.10601
23   A   E    0.14048        0.743799       0.115721
24   K   E    0.182423       0.686024       0.131553
25   K   E    0.221901       0.631659       0.14644
26   S   E    0.250746       0.585709       0.163545
27   K   E    0.28175        0.520415       0.197836
28   T   E    0.215555       0.551793       0.232652
29   A   E    0.154769       0.654937       0.190295
30   A   E    0.150114       0.716759       0.133127
31   K   E    0.184726       0.694289       0.120986
32   K   E    0.203797       0.670385       0.125818
33   N   E    0.281429       0.552907       0.165664
34   D   E    0.276906       0.565882       0.157211
35   K   E    0.257169       0.596749       0.146082
36   E   E    0.207403       0.635114       0.157483
37   A   E    0.212513       0.613949       0.173538
38   A   E    0.207389       0.667311       0.125301
39   G   E    0.249033       0.63977        0.111197
40   E   E    0.291075       0.625735       0.0831901
41   G   E    0.387713       0.55594        0.0563475
42   P   E    0.451874       0.484879       0.0632468
43   A   E    0.355407       0.586738       0.0578557
44   L   E    0.313975       0.616626       0.0693983
45   Y   E    0.215375       0.694358       0.0902671
46   E   E    0.205602       0.737228       0.0571695
47   D   E    0.30526        0.653996       0.0407439
48   P   E    0.317077       0.639807       0.0431162
49   P   E    0.331777       0.610127       0.0580958
50   D   E    0.265425       0.655899       0.078676
51   Q   E    0.247303       0.700998       0.0516986
52   K   E    0.381228       0.5562         0.0625725
53   T   E    0.326381       0.602394       0.0712249
54   S   E    0.271544       0.652234       0.0762216
55   P   E    0.257903       0.649963       0.0921344
56   S   E    0.202978       0.714555       0.0824662
57   G   E    0.22063        0.721129       0.0582417
58   K   E    0.292545       0.671011       0.0364434
59   P   E    0.378141       0.571191       0.0506677
60   A   C    0.481993       0.434807       0.0832005
END
