labels 4 2 1
4 0.638372 0.250159 0.111469
2 0.364809 0.576379 0.0588121
2 0.238231 0.697796 0.0639728
2 0.117774 0.846268 0.0359582
2 0.0776593 0.888851 0.0334901
2 0.111058 0.863224 0.0257177
2 0.0495978 0.92795 0.022452
2 0.0516337 0.925361 0.0230049
2 0.0613742 0.906504 0.0321219
2 0.0589331 0.911263 0.0298042
2 0.0439672 0.933858 0.0221746
2 0.0837673 0.891773 0.0244602
2 0.103808 0.877945 0.0182469
2 0.164058 0.797915 0.0380272
2 0.204422 0.702139 0.0934382
2 0.117429 0.767182 0.11539
2 0.0923866 0.828047 0.0795662
2 0.0645609 0.854885 0.0805541
2 0.0975088 0.776857 0.125634
2 0.100134 0.743046 0.15682
2 0.137894 0.678624 0.183482
2 0.176121 0.464789 0.35909
1 0.176929 0.280712 0.542358
1 0.174237 0.258178 0.567585
1 0.117216 0.275167 0.607617
1 0.0995412 0.318736 0.581722
2 0.0761086 0.518938 0.404953
2 0.107095 0.610068 0.282837
2 0.0600881 0.726766 0.213146
2 0.0407164 0.807493 0.15179
2 0.0445336 0.758046 0.19742
2 0.0172912 0.888882 0.0938269
2 0.00533004 0.97925 0.0154195
2 0.00330922 0.987221 0.00946957
2 0.0028231 0.991781 0.00539636
2 0.00714014 0.985912 0.00694752
2 0.0165233 0.967167 0.0163096
2 0.0437274 0.922502 0.0337703
2 0.12886 0.816747 0.0543931
2 0.209236 0.739133 0.0516313
2 0.364631 0.59045 0.0449185
2 0.340071 0.627802 0.0321266
2 0.277115 0.707691 0.0151942
2 0.293956 0.689242 0.0168021
2 0.315234 0.670442 0.0143239
2 0.299303 0.685905 0.0147928
2 0.276612 0.710956 0.0124322
2 0.126752 0.860597 0.0126508
2 0.105052 0.872415 0.0225337
2 0.132415 0.829237 0.0383479
2 0.266951 0.642002 0.0910464
2 0.313803 0.548847 0.13735
2 0.393933 0.441254 0.164812
2 0.308781 0.45058 0.240639
4 0.342119 0.333033 0.324848
1 0.239677 0.256525 0.503798
1 0.216791 0.287618 0.495591
2 0.246877 0.403565 0.349558
2 0.334812 0.47205 0.193139
4 0.60049 0.249671 0.149839
