Secondary Structure Prediction Output by cSVM (Part of BalancedSSP)
TARGET: P10275-1, Length: 60

SR#  AA  cSVM  pBeta  pCoil  pHelix
1    M   C     0.329  0.343  0.328
2    E   H     0.330  0.305  0.365
3    V   H     0.334  0.281  0.385
4    Q   H     0.322  0.277  0.400
5    L   H     0.350  0.275  0.375
6    G   H     0.316  0.284  0.400
7    L   H     0.338  0.283  0.379
8    G   H     0.342  0.311  0.347
9    R   C     0.342  0.347  0.311
10   V   C     0.344  0.356  0.300
11   Y   C     0.342  0.381  0.278
12   P   C     0.335  0.398  0.267
13   R   C     0.329  0.413  0.258
14   P   C     0.346  0.401  0.254
15   P   C     0.369  0.386  0.245
16   S   C     0.353  0.393  0.254
17   K   C     0.339  0.400  0.261
18   T   C     0.337  0.398  0.265
19   Y   C     0.342  0.390  0.268
20   R   C     0.338  0.394  0.268
21   G   C     0.341  0.389  0.270
22   A   C     0.348  0.383  0.269
23   F   C     0.339  0.384  0.277
24   Q   C     0.330  0.390  0.280
25   N   C     0.326  0.393  0.281
26   L   C     0.334  0.378  0.287
27   F   C     0.332  0.381  0.288
28   Q   C     0.355  0.370  0.275
29   S   C     0.348  0.370  0.282
30   V   C     0.350  0.355  0.294
31   R   E     0.360  0.360  0.280
32   E   C     0.350  0.363  0.287
33   V   C     0.340  0.371  0.289
34   I   C     0.354  0.360  0.286
35   Q   C     0.359  0.372  0.269
36   N   C     0.347  0.382  0.271
37   P   C     0.338  0.388  0.273
38   G   C     0.342  0.389  0.269
39   P   C     0.341  0.394  0.265
40   R   C     0.347  0.391  0.261
41   H   C     0.340  0.396  0.264
42   P   C     0.362  0.379  0.258
43   E   E     0.388  0.362  0.250
44   A   E     0.390  0.358  0.252
45   A   C     0.359  0.381  0.260
46   S   C     0.362  0.382  0.256
47   A   C     0.350  0.389  0.261
48   A   C     0.341  0.397  0.263
49   P   C     0.347  0.393  0.259
50   P   C     0.352  0.390  0.258
51   G   C     0.360  0.385  0.255
52   A   C     0.350  0.391  0.260
53   S   C     0.350  0.393  0.256
54   L   C     0.340  0.393  0.267
55   L   C     0.327  0.404  0.269
56   L   C     0.327  0.406  0.267
57   L   C     0.339  0.395  0.266
58   Q   C     0.335  0.395  0.271
59   Q   C     0.334  0.394  0.272
60   Q   C     0.328  0.402  0.270
