Secondary Structure Prediction Output (Part of REGAd3p ASA Prediction)
TARGET: P10275-1, Length: 60

SR#  AA  SSp  pCoil          pBeta          pHelix
1    M   C    0.502312       0.41758        0.0801077
2    E   E    0.199201       0.755771       0.0450279
3    V   E    0.0827137      0.859907       0.0573796
4    Q   E    0.0496565      0.913048       0.0372954
5    L   E    0.0520502      0.891054       0.0568954
6    G   E    0.0807138      0.867451       0.0518352
7    L   E    0.0489701      0.871894       0.0791356
8    G   E    0.0594443      0.874252       0.0663039
9    R   E    0.076934       0.882919       0.0401475
10   V   E    0.1148         0.834472       0.0507282
11   Y   E    0.104962       0.845185       0.0498526
12   P   E    0.138048       0.809617       0.0523345
13   R   E    0.261396       0.70094        0.0376647
14   P   E    0.287159       0.675324       0.0375174
15   P   E    0.235772       0.72974        0.0344878
16   S   E    0.209121       0.755724       0.0351547
17   K   E    0.2895         0.64933        0.0611703
18   T   E    0.230301       0.663183       0.106515
19   Y   E    0.183222       0.660098       0.15668
20   R   E    0.168467       0.691538       0.139995
21   G   E    0.194313       0.660181       0.145506
22   A   E    0.198741       0.672183       0.129075
23   F   E    0.126267       0.75128        0.122453
24   Q   E    0.240289       0.655218       0.104492
25   N   E    0.436344       0.437191       0.126465
26   L   E    0.300373       0.568979       0.130647
27   F   E    0.1808         0.720735       0.0984651
28   Q   E    0.254451       0.669051       0.0764982
29   S   E    0.314542       0.628818       0.0566399
30   V   E    0.174998       0.734566       0.0904363
31   R   E    0.0921065      0.842916       0.0649773
32   E   E    0.106328       0.84336        0.0503117
33   V   E    0.112082       0.850782       0.0371355
34   I   E    0.110771       0.830559       0.0586701
35   Q   E    0.207867       0.716131       0.0760025
36   N   C    0.493597       0.399285       0.107118
37   P   C    0.595315       0.253906       0.150779
38   G   C    0.601754       0.229406       0.16884
39   P   E    0.410211       0.432441       0.157348
40   R   E    0.350735       0.539776       0.10949
41   H   E    0.321469       0.569438       0.109093
42   P   E    0.219922       0.629614       0.150464
43   E   E    0.138665       0.731145       0.13019
44   A   E    0.177983       0.693258       0.128759
45   A   E    0.283156       0.604161       0.112682
46   S   E    0.234333       0.679581       0.0860855
47   A   E    0.142916       0.782731       0.0743539
48   A   E    0.127382       0.822086       0.0505314
49   P   E    0.201021       0.727699       0.0712803
50   P   E    0.216736       0.619764       0.1635
51   G   E    0.208488       0.539286       0.252226
52   A   E    0.156932       0.507813       0.335255
53   S   E    0.143673       0.591178       0.26515
54   L   E    0.136758       0.463863       0.399379
55   L   E    0.188106       0.451701       0.360193
56   L   E    0.229627       0.505113       0.26526
57   L   E    0.27347        0.519638       0.206892
58   Q   E    0.277965       0.601773       0.120261
59   Q   E    0.423647       0.498132       0.0782209
60   Q   C    0.678582       0.243038       0.0783801
END
