labels 4 2 1
4 0.502312 0.41758 0.0801077
2 0.199201 0.755771 0.0450279
2 0.0827137 0.859907 0.0573796
2 0.0496565 0.913048 0.0372954
2 0.0520502 0.891054 0.0568954
2 0.0807138 0.867451 0.0518352
2 0.0489701 0.871894 0.0791356
2 0.0594443 0.874252 0.0663039
2 0.076934 0.882919 0.0401475
2 0.1148 0.834472 0.0507282
2 0.104962 0.845185 0.0498526
2 0.138048 0.809617 0.0523345
2 0.261396 0.70094 0.0376647
2 0.287159 0.675324 0.0375174
2 0.235772 0.72974 0.0344878
2 0.209121 0.755724 0.0351547
2 0.2895 0.64933 0.0611703
2 0.230301 0.663183 0.106515
2 0.183222 0.660098 0.15668
2 0.168467 0.691538 0.139995
2 0.194313 0.660181 0.145506
2 0.198741 0.672183 0.129075
2 0.126267 0.75128 0.122453
2 0.240289 0.655218 0.104492
2 0.436344 0.437191 0.126465
2 0.300373 0.568979 0.130647
2 0.1808 0.720735 0.0984651
2 0.254451 0.669051 0.0764982
2 0.314542 0.628818 0.0566399
2 0.174998 0.734566 0.0904363
2 0.0921065 0.842916 0.0649773
2 0.106328 0.84336 0.0503117
2 0.112082 0.850782 0.0371355
2 0.110771 0.830559 0.0586701
2 0.207867 0.716131 0.0760025
4 0.493597 0.399285 0.107118
4 0.595315 0.253906 0.150779
4 0.601754 0.229406 0.16884
2 0.410211 0.432441 0.157348
2 0.350735 0.539776 0.10949
2 0.321469 0.569438 0.109093
2 0.219922 0.629614 0.150464
2 0.138665 0.731145 0.13019
2 0.177983 0.693258 0.128759
2 0.283156 0.604161 0.112682
2 0.234333 0.679581 0.0860855
2 0.142916 0.782731 0.0743539
2 0.127382 0.822086 0.0505314
2 0.201021 0.727699 0.0712803
2 0.216736 0.619764 0.1635
2 0.208488 0.539286 0.252226
2 0.156932 0.507813 0.335255
2 0.143673 0.591178 0.26515
2 0.136758 0.463863 0.399379
2 0.188106 0.451701 0.360193
2 0.229627 0.505113 0.26526
2 0.27347 0.519638 0.206892
2 0.277965 0.601773 0.120261
2 0.423647 0.498132 0.0782209
4 0.678582 0.243038 0.0783801
