labels 4 2 1
4 0.53018 0.225769 0.244051
2 0.393396 0.41068 0.195924
4 0.43493 0.342093 0.222977
2 0.388042 0.422907 0.189051
4 0.426799 0.397918 0.175283
2 0.400192 0.400733 0.199075
2 0.380262 0.448356 0.171382
2 0.367676 0.471332 0.160992
2 0.397338 0.464534 0.138128
2 0.391228 0.528343 0.0804294
2 0.357202 0.570913 0.071885
2 0.249675 0.668133 0.0821917
2 0.226921 0.714045 0.0590339
2 0.193604 0.723348 0.0830473
2 0.0783034 0.879481 0.0422152
2 0.0731835 0.889591 0.0372251
2 0.02646 0.931886 0.0416545
2 0.00862512 0.957407 0.033968
2 0.00911062 0.934028 0.0568616
2 0.0115631 0.865768 0.122669
2 0.0236063 0.818107 0.158287
2 0.0399377 0.739642 0.220421
2 0.0505455 0.749272 0.200182
2 0.0672337 0.785489 0.147277
2 0.0484884 0.79527 0.156242
2 0.0601939 0.824723 0.115083
2 0.108612 0.767848 0.12354
2 0.0755526 0.857214 0.0672337
2 0.0651235 0.889569 0.0453074
2 0.0650951 0.891257 0.0436479
2 0.0861674 0.85517 0.0586627
2 0.0841228 0.755635 0.160242
2 0.0554321 0.881028 0.0635401
2 0.0223516 0.941088 0.0365601
2 0.0183348 0.936112 0.0455529
2 0.0183861 0.895903 0.0857114
2 0.0286541 0.90572 0.065626
2 0.0147418 0.949843 0.0354154
2 0.00737698 0.981658 0.0109649
2 0.00890068 0.970336 0.020763
2 0.011439 0.969959 0.0186025
2 0.0132571 0.96638 0.0203632
2 0.00972087 0.972313 0.0179666
2 0.00872218 0.980735 0.0105427
2 0.0157428 0.968318 0.015939
2 0.0194379 0.962823 0.0177394
2 0.0316711 0.92985 0.0384793
2 0.0419132 0.881221 0.0768657
2 0.0433467 0.893427 0.0632265
2 0.0579029 0.888593 0.0535038
2 0.0397472 0.91017 0.0500832
2 0.0603865 0.902375 0.0372381
2 0.0880824 0.880797 0.0311203
2 0.0583904 0.921151 0.0204583
2 0.0252791 0.958589 0.0161318
2 0.0166982 0.9621 0.021202
2 0.0173906 0.938842 0.0437678
2 0.0496091 0.890861 0.0595297
2 0.150867 0.765893 0.08324
2 0.378923 0.522325 0.0987523
