labels 4 2 1
4 0.675328 0.120175 0.204498
4 0.498653 0.268773 0.232574
4 0.471287 0.213849 0.314864
1 0.291239 0.269032 0.439728
1 0.210554 0.306618 0.482828
1 0.186024 0.279138 0.534837
1 0.23071 0.303147 0.466143
1 0.262804 0.287807 0.449389
1 0.304584 0.247058 0.448358
2 0.286307 0.390557 0.323136
2 0.265805 0.53396 0.200235
2 0.198816 0.660656 0.140528
2 0.0867486 0.794839 0.118413
2 0.0920004 0.799366 0.108634
2 0.147376 0.682968 0.169657
2 0.151192 0.698043 0.150765
2 0.109095 0.739619 0.151286
2 0.124501 0.728605 0.146894
2 0.14546 0.720315 0.134225
2 0.116708 0.734191 0.149101
2 0.0991685 0.739739 0.161092
2 0.0892096 0.717304 0.193486
2 0.0905038 0.69081 0.218686
2 0.0869698 0.64021 0.27282
2 0.125283 0.569388 0.305329
2 0.122676 0.543038 0.334286
2 0.088281 0.540293 0.371426
1 0.0633684 0.459996 0.476635
1 0.0410851 0.328513 0.630402
1 0.0298665 0.255941 0.714192
1 0.0240669 0.21484 0.761093
1 0.0482183 0.174699 0.777083
1 0.111084 0.187699 0.701217
1 0.138062 0.21366 0.648278
1 0.157107 0.375717 0.467176
2 0.143288 0.464701 0.392011
2 0.185531 0.598802 0.215667
2 0.159401 0.562643 0.277956
2 0.111719 0.668426 0.219855
2 0.142735 0.678175 0.17909
2 0.188322 0.651054 0.160624
2 0.164708 0.689203 0.146089
2 0.153031 0.686839 0.16013
2 0.149681 0.624232 0.226087
2 0.114347 0.737013 0.14864
2 0.0689507 0.787443 0.143607
2 0.0277758 0.87451 0.0977146
2 0.0481615 0.878444 0.0733942
2 0.0452077 0.893428 0.0613639
2 0.0335277 0.929903 0.0365688
2 0.0265285 0.952405 0.0210668
2 0.0170582 0.961875 0.0210667
2 0.0177428 0.968238 0.0140193
2 0.0125086 0.969189 0.0183029
2 0.00490284 0.988841 0.00625651
2 0.012194 0.981159 0.00664745
2 0.0336876 0.950511 0.0158011
2 0.105635 0.862796 0.031569
2 0.314751 0.623158 0.062091
4 0.60186 0.338271 0.0598691
