labels 4 2 1
4 0.903507 0.0155753 0.0809182
4 0.752186 0.0449712 0.202843
4 0.573641 0.0524475 0.373912
1 0.259199 0.106121 0.63468
1 0.194489 0.035663 0.769848
1 0.141614 0.019543 0.838843
1 0.211202 0.0321776 0.75662
1 0.0642321 0.0175344 0.918233
1 0.0643433 0.0327992 0.902857
1 0.0461835 0.0402835 0.913533
1 0.0735611 0.0479068 0.878532
1 0.105448 0.0460393 0.848513
1 0.151858 0.051019 0.797123
1 0.105713 0.0575592 0.836728
1 0.0798399 0.041643 0.878517
1 0.100537 0.0379016 0.861561
1 0.12063 0.0439934 0.835376
1 0.114713 0.0576786 0.827609
1 0.131609 0.0745228 0.793868
1 0.0945291 0.10791 0.797561
1 0.156839 0.186421 0.65674
1 0.104793 0.237803 0.657405
1 0.0942604 0.16893 0.736809
1 0.240509 0.178502 0.58099
4 0.497589 0.107846 0.394565
4 0.54527 0.0883719 0.366358
1 0.42602 0.0830601 0.49092
1 0.297253 0.157875 0.544872
1 0.13464 0.105299 0.760061
1 0.144394 0.0432098 0.812396
1 0.202958 0.0301442 0.766898
1 0.344497 0.0592624 0.59624
1 0.341381 0.0395311 0.619088
1 0.294996 0.0606809 0.644324
1 0.164098 0.251391 0.584511
1 0.149874 0.243913 0.606213
1 0.25146 0.190193 0.558347
1 0.194392 0.231509 0.574098
1 0.190563 0.199583 0.609854
1 0.241321 0.158233 0.600446
1 0.377914 0.132589 0.489497
1 0.449636 0.0690743 0.48129
1 0.323482 0.049661 0.626857
1 0.425225 0.0493704 0.525405
1 0.351265 0.0491697 0.599565
1 0.403749 0.04241 0.553841
1 0.2561 0.0306584 0.713242
1 0.14004 0.0494131 0.810547
1 0.0853419 0.0683569 0.846301
1 0.0515286 0.0504092 0.898062
1 0.0407282 0.0224136 0.936858
1 0.0458902 0.00890856 0.945201
1 0.0902518 0.00715525 0.902593
1 0.0913162 0.00678824 0.901896
1 0.0814723 0.0114303 0.907097
1 0.0945045 0.0297142 0.875781
1 0.0758351 0.0365152 0.88765
1 0.101404 0.0761851 0.822411
1 0.0865174 0.219658 0.693824
1 0.09269 0.390945 0.516365
2 0.27039 0.402124 0.327486
4 0.690807 0.189478 0.119716
4 0.907806 0.0408341 0.0513599
4 0.95684 0.0111316 0.0320288
