Secondary Structure Prediction Output by cSVM (Part of BalancedSSP)
TARGET: test_1, Length: 64

SR#  AA  cSVM  pBeta  pCoil  pHelix
1    E   C     0.306  0.423  0.271
2    N   C     0.311  0.413  0.275
3    E   C     0.308  0.407  0.285
4    M   C     0.313  0.380  0.307
5    D   C     0.307  0.365  0.328
6    E   H     0.303  0.348  0.350
7    N   H     0.301  0.344  0.354
8    L   H     0.292  0.301  0.407
9    E   H     0.291  0.302  0.407
10   Q   H     0.295  0.290  0.415
11   V   H     0.287  0.289  0.424
12   S   H     0.283  0.298  0.418
13   G   H     0.282  0.306  0.412
14   I   H     0.284  0.299  0.417
15   I   H     0.282  0.298  0.419
16   G   H     0.287  0.300  0.413
17   N   H     0.291  0.304  0.405
18   L   H     0.294  0.292  0.414
19   R   H     0.291  0.291  0.418
20   H   H     0.302  0.287  0.411
21   M   H     0.299  0.295  0.406
22   A   H     0.307  0.290  0.403
23   L   H     0.308  0.288  0.404
24   D   H     0.305  0.307  0.388
25   M   H     0.297  0.332  0.371
26   G   H     0.286  0.346  0.368
27   N   H     0.298  0.337  0.365
28   E   H     0.301  0.317  0.382
29   I   H     0.300  0.304  0.396
30   D   H     0.307  0.303  0.390
31   T   H     0.297  0.305  0.398
32   Q   H     0.298  0.310  0.392
33   N   H     0.289  0.315  0.396
34   R   H     0.296  0.309  0.395
35   Q   H     0.300  0.304  0.396
36   I   H     0.304  0.286  0.410
37   D   H     0.294  0.311  0.396
38   R   H     0.304  0.303  0.394
39   I   H     0.307  0.291  0.402
40   M   H     0.306  0.298  0.396
41   E   H     0.305  0.310  0.385
42   K   H     0.301  0.323  0.377
43   A   H     0.308  0.314  0.378
44   D   H     0.319  0.321  0.360
45   S   H     0.324  0.311  0.365
46   N   H     0.318  0.335  0.347
47   K   H     0.301  0.332  0.367
48   T   H     0.300  0.328  0.372
49   R   H     0.312  0.317  0.372
50   I   H     0.327  0.293  0.381
51   D   H     0.338  0.295  0.366
52   E   H     0.312  0.304  0.384
53   A   H     0.313  0.332  0.355
54   N   C     0.308  0.361  0.331
55   Q   C     0.313  0.386  0.301
56   R   C     0.315  0.404  0.280
57   A   C     0.310  0.415  0.275
58   T   C     0.307  0.411  0.281
59   K   C     0.313  0.409  0.278
60   M   C     0.312  0.419  0.269
61   L   C     0.302  0.434  0.263
62   G   C     0.302  0.437  0.261
63   S   C     0.304  0.436  0.260
64   G   C     0.304  0.435  0.261
