labels 4 2 1
4 0.64687 0.34288 0.0102503
2 0.400946 0.589803 0.0092511
2 0.232068 0.753698 0.0142333
2 0.0977168 0.892003 0.0102802
2 0.0353226 0.957376 0.00730124
2 0.0576908 0.928998 0.0133115
2 0.0608372 0.931185 0.00797767
2 0.201789 0.783778 0.014433
2 0.325101 0.659643 0.0152562
2 0.204309 0.787026 0.00866587
2 0.146592 0.849821 0.0035874
2 0.153283 0.844191 0.00252615
2 0.119857 0.878048 0.00209467
2 0.171744 0.825169 0.00308756
2 0.190798 0.805988 0.00321333
2 0.163628 0.834456 0.00191643
2 0.099846 0.898587 0.00156738
2 0.0908449 0.908256 0.000899441
2 0.181913 0.816918 0.00116855
2 0.340539 0.658102 0.00135907
2 0.321607 0.676785 0.00160797
2 0.192318 0.806536 0.00114547
2 0.137452 0.862082 0.000466016
2 0.119048 0.880516 0.000435928
2 0.159562 0.839667 0.000770741
2 0.135802 0.862364 0.0018336
2 0.284786 0.71164 0.00357438
2 0.200791 0.796139 0.00307012
2 0.105707 0.892309 0.00198424
2 0.057006 0.941854 0.00113979
2 0.117815 0.879908 0.00227717
2 0.30452 0.690908 0.0045723
2 0.280966 0.715456 0.00357793
2 0.272443 0.724273 0.00328454
2 0.198661 0.799021 0.00231822
2 0.135994 0.862709 0.00129763
2 0.16138 0.837037 0.0015833
2 0.154515 0.843604 0.00188016
2 0.204913 0.791219 0.00386775
2 0.18365 0.812216 0.00413418
2 0.138592 0.858877 0.00253137
2 0.229845 0.767443 0.00271212
2 0.214031 0.783091 0.0028781
2 0.267035 0.728624 0.00434099
2 0.465631 0.52727 0.00709888
4 0.504416 0.485396 0.0101873
2 0.306301 0.685806 0.00789287
2 0.195935 0.797844 0.00622171
2 0.136876 0.859521 0.00360263
2 0.229693 0.76154 0.00876663
2 0.256364 0.725632 0.0180038
2 0.261835 0.702396 0.035769
2 0.261914 0.70011 0.0379762
2 0.179659 0.791716 0.028625
2 0.122546 0.860937 0.0165175
2 0.187766 0.799257 0.0129765
2 0.378874 0.603677 0.0174499
4 0.568614 0.417511 0.0138748
4 0.674457 0.309841 0.0157019
4 0.669538 0.312936 0.017526
