labels 4 2 1
4 0.493563 0.358307 0.14813
2 0.217548 0.709146 0.0733056
2 0.159523 0.774793 0.0656838
2 0.0872093 0.82559 0.0872005
2 0.111688 0.828523 0.0597881
2 0.247299 0.646613 0.106088
2 0.194718 0.634995 0.170287
2 0.105493 0.772864 0.121642
2 0.101957 0.688665 0.209378
2 0.0453151 0.797286 0.157399
2 0.0242207 0.884766 0.0910134
2 0.0136049 0.891601 0.0947944
2 0.00860529 0.880332 0.111063
2 0.0127816 0.855887 0.131332
2 0.0289937 0.679472 0.291534
2 0.0676238 0.508713 0.423663
1 0.113221 0.429007 0.457772
1 0.116067 0.285408 0.598525
1 0.19337 0.223732 0.582899
1 0.233868 0.322513 0.443619
2 0.281575 0.460388 0.258038
1 0.26752 0.352234 0.380247
1 0.188343 0.363183 0.448474
2 0.12075 0.458101 0.421149
2 0.105189 0.55938 0.335431
2 0.1196 0.696611 0.183789
2 0.111752 0.701916 0.186332
2 0.0696117 0.805072 0.125317
2 0.0544131 0.868451 0.0771363
2 0.0237075 0.915887 0.0604058
2 0.0136207 0.928974 0.0574056
2 0.0127724 0.933037 0.0541903
2 0.00928346 0.939289 0.0514278
2 0.0271758 0.931189 0.0416353
2 0.0447019 0.858693 0.0966053
2 0.0767835 0.84739 0.0758266
2 0.147884 0.773737 0.0783789
2 0.237645 0.69897 0.0633846
2 0.280246 0.629043 0.0907104
2 0.227049 0.705165 0.0677859
2 0.211284 0.746694 0.042022
2 0.123465 0.856945 0.0195901
2 0.0931643 0.892253 0.0145827
2 0.0535137 0.927771 0.0187156
2 0.0529312 0.924722 0.0223465
2 0.0403746 0.909345 0.0502804
2 0.0545016 0.814831 0.130668
2 0.0489898 0.833055 0.117955
2 0.0896149 0.836097 0.0742881
2 0.0555052 0.874124 0.0703708
2 0.0536906 0.818094 0.128216
2 0.0659423 0.740105 0.193953
2 0.0660581 0.784708 0.149234
2 0.0423784 0.833565 0.124057
2 0.0984343 0.791902 0.109664
2 0.153433 0.752087 0.0944798
2 0.240631 0.704762 0.0546077
2 0.239038 0.720479 0.0404825
2 0.280161 0.678543 0.0412963
2 0.35412 0.565569 0.0803115
