labels 4 2 1
2 0.0817509 0.907613 0.010636
2 0.0190859 0.97893 0.00198427
2 0.0301118 0.968269 0.00161882
2 0.0389969 0.95847 0.00253289
2 0.0780379 0.917815 0.00414747
2 0.0804852 0.915232 0.00428316
2 0.140773 0.855207 0.00401926
2 0.144259 0.850265 0.00547652
2 0.23654 0.756048 0.0074114
2 0.114857 0.873759 0.0113846
2 0.113239 0.880067 0.00669419
2 0.0620774 0.928724 0.00919884
2 0.0443544 0.944277 0.0113681
2 0.0242786 0.954847 0.0208742
2 0.0253829 0.939842 0.0347748
2 0.00832473 0.968517 0.0231584
2 0.00544122 0.987054 0.00750442
2 0.00320798 0.993748 0.00304442
2 0.00444524 0.99168 0.00387514
2 0.0155921 0.977661 0.00674673
2 0.0111467 0.984971 0.00388233
2 0.00235416 0.996466 0.00117993
2 0.00168761 0.997533 0.000779583
2 0.00744611 0.991331 0.00122329
2 0.0424893 0.953197 0.00431393
2 0.0595459 0.934755 0.00569912
2 0.107339 0.884989 0.0076727
2 0.22059 0.769888 0.00952138
2 0.31329 0.679922 0.00678843
2 0.288271 0.706086 0.00564317
2 0.253174 0.739541 0.00728544
2 0.192136 0.799431 0.00843286
2 0.185917 0.809872 0.00421066
2 0.173129 0.819087 0.00778333
2 0.157399 0.831243 0.0113582
2 0.136613 0.845865 0.0175223
2 0.124056 0.844705 0.0312385
2 0.12029 0.83972 0.0399892
2 0.119548 0.832691 0.0477612
2 0.0830781 0.859061 0.0578605
2 0.130891 0.80399 0.0651184
2 0.246302 0.675989 0.0777089
2 0.323967 0.629033 0.0469998
2 0.373314 0.592606 0.0340801
2 0.391248 0.564447 0.0443056
2 0.417364 0.551122 0.0315142
2 0.397272 0.545661 0.0570666
2 0.272244 0.688648 0.0391076
2 0.230941 0.733012 0.0360463
2 0.170665 0.787905 0.0414304
2 0.189504 0.741427 0.0690693
2 0.103979 0.851864 0.0441568
2 0.0824264 0.881999 0.0355749
2 0.161579 0.804274 0.0341467
2 0.286406 0.66758 0.0460144
2 0.321092 0.635289 0.0436184
4 0.578274 0.392268 0.0294584
4 0.723423 0.251082 0.0254949
4 0.872958 0.114123 0.0129186
4 0.907641 0.0675607 0.0247981
