labels 4 2 1
2 0.337503 0.505773 0.156724
2 0.122429 0.811234 0.0663361
2 0.0529456 0.890438 0.0566159
2 0.0282958 0.939243 0.0324617
2 0.0316703 0.950588 0.0177414
2 0.0141924 0.976088 0.00971967
2 0.00338159 0.993423 0.00319503
2 0.00407561 0.989826 0.00609826
2 0.00679517 0.971167 0.0220382
2 0.0179594 0.898575 0.0834659
2 0.0302308 0.769309 0.20046
2 0.0304738 0.822442 0.147084
2 0.0377081 0.876575 0.0857169
2 0.0505971 0.880271 0.0691324
2 0.0328779 0.88743 0.0796916
2 0.0272377 0.881068 0.0916943
2 0.0300445 0.859402 0.110553
2 0.051709 0.829077 0.119214
2 0.0431447 0.806516 0.150339
2 0.0628821 0.826568 0.11055
2 0.0999637 0.704102 0.195934
2 0.124851 0.719736 0.155414
2 0.135716 0.69551 0.168774
2 0.122255 0.749193 0.128552
2 0.0773707 0.819545 0.103084
2 0.0387852 0.877303 0.0839116
2 0.0303442 0.925996 0.0436595
2 0.0300342 0.928395 0.0415706
2 0.0372855 0.917008 0.0457065
2 0.0402712 0.931889 0.0278393
2 0.0290826 0.92716 0.0437576
2 0.0106919 0.950487 0.0388206
2 0.0199045 0.952589 0.0275063
2 0.0136807 0.969694 0.0166255
2 0.0135583 0.97525 0.0111921
2 0.0174809 0.954067 0.028452
2 0.0271163 0.952657 0.0202272
2 0.0357652 0.920588 0.0436468
2 0.0859468 0.859661 0.0543918
2 0.0769745 0.800655 0.122371
2 0.218674 0.685079 0.0962471
2 0.254756 0.548534 0.196709
2 0.212007 0.584498 0.203495
2 0.223883 0.603673 0.172444
2 0.190962 0.660453 0.148585
2 0.122628 0.775893 0.101479
2 0.0555259 0.867524 0.0769502
2 0.0291149 0.872614 0.0982715
2 0.011109 0.868607 0.120284
2 0.0124135 0.849816 0.13777
2 0.0127365 0.792482 0.194782
2 0.0372802 0.702812 0.259908
2 0.051374 0.534519 0.414107
2 0.0637097 0.537248 0.399042
2 0.0795388 0.62886 0.291601
2 0.0949002 0.700933 0.204167
2 0.0422082 0.795736 0.162055
2 0.0683984 0.818211 0.11339
2 0.14757 0.694161 0.158268
4 0.464288 0.373782 0.16193
