Secondary Structure Prediction Output by cSVM (Part of BalancedSSP)
TARGET: P27708, Length: 60

SR#  AA  cSVM  pBeta  pCoil  pHelix
1    M   E     0.339  0.338  0.323
2    A   H     0.338  0.300  0.362
3    A   H     0.336  0.295  0.369
4    L   H     0.353  0.288  0.359
5    V   E     0.370  0.295  0.336
6    L   H     0.352  0.290  0.359
7    E   H     0.338  0.301  0.361
8    D   H     0.331  0.306  0.363
9    G   H     0.338  0.322  0.340
10   S   E     0.338  0.335  0.327
11   V   C     0.336  0.353  0.311
12   L   C     0.334  0.366  0.300
13   R   C     0.318  0.401  0.281
14   G   C     0.325  0.398  0.277
15   Q   C     0.330  0.398  0.272
16   P   C     0.347  0.375  0.278
17   F   E     0.360  0.359  0.282
18   G   C     0.349  0.372  0.279
19   A   C     0.333  0.389  0.278
20   A   C     0.334  0.395  0.271
21   V   C     0.332  0.396  0.272
22   S   C     0.339  0.388  0.273
23   T   C     0.351  0.369  0.280
24   A   C     0.347  0.370  0.283
25   G   C     0.351  0.369  0.280
26   E   E     0.379  0.346  0.276
27   V   E     0.413  0.320  0.267
28   V   E     0.418  0.319  0.263
29   F   E     0.367  0.351  0.282
30   Q   C     0.351  0.373  0.276
31   T   C     0.359  0.366  0.276
32   G   C     0.347  0.371  0.283
33   M   E     0.389  0.341  0.270
34   V   E     0.396  0.338  0.266
35   G   E     0.381  0.351  0.268
36   Y   E     0.405  0.342  0.254
37   P   E     0.394  0.354  0.253
38   E   E     0.380  0.363  0.258
39   A   C     0.354  0.375  0.271
40   L   E     0.376  0.359  0.265
41   T   C     0.362  0.365  0.273
42   D   E     0.367  0.365  0.268
43   P   E     0.387  0.352  0.261
44   S   E     0.389  0.349  0.261
45   Y   E     0.365  0.362  0.274
46   K   C     0.357  0.374  0.269
47   A   C     0.326  0.402  0.272
48   Q   C     0.341  0.397  0.262
49   I   C     0.349  0.387  0.263
50   L   E     0.376  0.364  0.260
51   V   E     0.380  0.360  0.259
52   L   E     0.376  0.363  0.261
53   T   C     0.345  0.386  0.269
54   Y   E     0.379  0.360  0.261
55   P   E     0.381  0.356  0.263
56   L   E     0.404  0.337  0.260
57   I   E     0.396  0.340  0.264
58   G   C     0.362  0.363  0.275
59   N   C     0.353  0.376  0.271
60   Y   C     0.342  0.386  0.272
