labels 4 2 1
2 0.250039 0.748036 0.00192565
2 0.123365 0.876062 0.000573521
2 0.165828 0.833803 0.000368704
2 0.190465 0.809072 0.000463829
2 0.215726 0.783831 0.000442816
2 0.179604 0.819851 0.000544554
2 0.161919 0.837678 0.000402117
2 0.132655 0.867003 0.000341758
2 0.147039 0.852583 0.00037869
2 0.188308 0.811288 0.000404846
2 0.182576 0.816895 0.000529819
2 0.159963 0.839536 0.000500175
2 0.146884 0.852598 0.000517335
2 0.16661 0.83276 0.000630074
2 0.142378 0.85698 0.000641252
2 0.131025 0.868186 0.000789049
2 0.107852 0.891584 0.000564493
2 0.120993 0.87845 0.000556915
2 0.158521 0.840953 0.000526427
2 0.196399 0.803021 0.000580616
2 0.22225 0.777086 0.000663725
2 0.191579 0.807864 0.000557346
2 0.118447 0.881093 0.000460224
2 0.117041 0.882597 0.000362112
2 0.10976 0.889894 0.000346035
2 0.126773 0.872766 0.000461649
2 0.111499 0.887991 0.00051003
2 0.0719661 0.927608 0.000425723
2 0.0460471 0.953604 0.000349216
2 0.058977 0.940718 0.000305271
2 0.0922419 0.907364 0.000394519
2 0.103693 0.895873 0.000433424
2 0.112277 0.887303 0.000419928
2 0.115619 0.884034 0.000346663
2 0.0980404 0.90174 0.000219176
2 0.0877223 0.912084 0.000194021
2 0.0834202 0.916371 0.000208425
2 0.122866 0.876826 0.000307382
2 0.161602 0.838038 0.000359511
2 0.146738 0.85287 0.000391145
2 0.108677 0.891082 0.000240927
2 0.113937 0.88582 0.000243863
2 0.117902 0.881844 0.000253948
2 0.127738 0.871959 0.000302662
2 0.144235 0.855329 0.000435716
2 0.135279 0.864354 0.000366541
2 0.124524 0.875148 0.000327948
2 0.108853 0.890888 0.000258822
2 0.108864 0.890908 0.000227398
2 0.148283 0.851438 0.000279341
2 0.147458 0.852232 0.000310252
2 0.130754 0.868912 0.000333501
2 0.120418 0.879283 0.000298472
2 0.0965037 0.903232 0.000264624
2 0.080967 0.918784 0.000248928
2 0.0645746 0.935127 0.000298939
2 0.0702287 0.929399 0.000372069
2 0.158964 0.840515 0.000521171
2 0.226246 0.773245 0.000509098
2 0.253618 0.745557 0.000824445
