Secondary Structure Prediction Output (Part of REGAd3p ASA Prediction)
TARGET: P27708, Length: 60

SR#  AA  SSp  pCoil          pBeta          pHelix
1    M   E    0.250039       0.748036       0.00192565
2    A   E    0.123365       0.876062       0.000573521
3    A   E    0.165828       0.833803       0.000368704
4    L   E    0.190465       0.809072       0.000463829
5    V   E    0.215726       0.783831       0.000442816
6    L   E    0.179604       0.819851       0.000544554
7    E   E    0.161919       0.837678       0.000402117
8    D   E    0.132655       0.867003       0.000341758
9    G   E    0.147039       0.852583       0.00037869
10   S   E    0.188308       0.811288       0.000404846
11   V   E    0.182576       0.816895       0.000529819
12   L   E    0.159963       0.839536       0.000500175
13   R   E    0.146884       0.852598       0.000517335
14   G   E    0.16661        0.83276        0.000630074
15   Q   E    0.142378       0.85698        0.000641252
16   P   E    0.131025       0.868186       0.000789049
17   F   E    0.107852       0.891584       0.000564493
18   G   E    0.120993       0.87845        0.000556915
19   A   E    0.158521       0.840953       0.000526427
20   A   E    0.196399       0.803021       0.000580616
21   V   E    0.22225        0.777086       0.000663725
22   S   E    0.191579       0.807864       0.000557346
23   T   E    0.118447       0.881093       0.000460224
24   A   E    0.117041       0.882597       0.000362112
25   G   E    0.10976        0.889894       0.000346035
26   E   E    0.126773       0.872766       0.000461649
27   V   E    0.111499       0.887991       0.00051003
28   V   E    0.0719661      0.927608       0.000425723
29   F   E    0.0460471      0.953604       0.000349216
30   Q   E    0.058977       0.940718       0.000305271
31   T   E    0.0922419      0.907364       0.000394519
32   G   E    0.103693       0.895873       0.000433424
33   M   E    0.112277       0.887303       0.000419928
34   V   E    0.115619       0.884034       0.000346663
35   G   E    0.0980404      0.90174        0.000219176
36   Y   E    0.0877223      0.912084       0.000194021
37   P   E    0.0834202      0.916371       0.000208425
38   E   E    0.122866       0.876826       0.000307382
39   A   E    0.161602       0.838038       0.000359511
40   L   E    0.146738       0.85287        0.000391145
41   T   E    0.108677       0.891082       0.000240927
42   D   E    0.113937       0.88582        0.000243863
43   P   E    0.117902       0.881844       0.000253948
44   S   E    0.127738       0.871959       0.000302662
45   Y   E    0.144235       0.855329       0.000435716
46   K   E    0.135279       0.864354       0.000366541
47   A   E    0.124524       0.875148       0.000327948
48   Q   E    0.108853       0.890888       0.000258822
49   I   E    0.108864       0.890908       0.000227398
50   L   E    0.148283       0.851438       0.000279341
51   V   E    0.147458       0.852232       0.000310252
52   L   E    0.130754       0.868912       0.000333501
53   T   E    0.120418       0.879283       0.000298472
54   Y   E    0.0965037      0.903232       0.000264624
55   P   E    0.080967       0.918784       0.000248928
56   L   E    0.0645746      0.935127       0.000298939
57   I   E    0.0702287      0.929399       0.000372069
58   G   E    0.158964       0.840515       0.000521171
59   N   E    0.226246       0.773245       0.000509098
60   Y   E    0.253618       0.745557       0.000824445
END
