labels 4 2 1
4 0.530257 0.26064 0.209103
2 0.383975 0.470101 0.145925
4 0.467853 0.405658 0.126489
4 0.466164 0.465909 0.0679271
2 0.390831 0.549481 0.0596883
2 0.290081 0.650965 0.058954
2 0.138362 0.790323 0.071315
2 0.162223 0.780895 0.0568822
2 0.0878984 0.884208 0.0278937
2 0.0396013 0.948875 0.011524
2 0.0182619 0.974068 0.00767052
2 0.0183773 0.970866 0.0107571
2 0.0206586 0.956699 0.0226429
2 0.0217915 0.901747 0.0764617
2 0.0287699 0.896449 0.0747812
2 0.0380815 0.849097 0.112821
2 0.0849132 0.833752 0.0813346
2 0.0621084 0.849241 0.0886506
2 0.0579292 0.866961 0.0751095
2 0.063453 0.825696 0.110851
2 0.0643739 0.801475 0.134151
2 0.0380696 0.844141 0.117789
2 0.042444 0.841595 0.115961
2 0.0679581 0.740956 0.191086
2 0.124734 0.764757 0.110509
2 0.0888573 0.885188 0.0259543
2 0.0373279 0.95518 0.00749257
2 0.0187767 0.9757 0.00552352
2 0.0108286 0.985207 0.00396403
2 0.00556248 0.989169 0.00526868
2 0.00612356 0.988351 0.00552517
2 0.0141328 0.977713 0.00815446
2 0.0138528 0.978406 0.00774087
2 0.016302 0.978074 0.00562366
2 0.0260569 0.970224 0.00371889
2 0.0217183 0.975726 0.00255579
2 0.00765395 0.990668 0.00167774
2 0.00797019 0.989812 0.00221826
2 0.00722201 0.987654 0.00512413
2 0.0103284 0.975035 0.0146367
2 0.0109303 0.961541 0.0275286
2 0.0406095 0.914803 0.0445871
2 0.135521 0.755056 0.109423
2 0.241188 0.591931 0.166881
2 0.249107 0.409121 0.341771
2 0.300423 0.433577 0.266
2 0.305795 0.488164 0.206041
2 0.233573 0.6094 0.157028
2 0.105854 0.740192 0.153954
2 0.0379097 0.86445 0.0976405
2 0.0150202 0.877289 0.10769
2 0.0106642 0.912405 0.0769311
2 0.00637444 0.948803 0.0448222
2 0.0189643 0.940939 0.0400969
2 0.0993426 0.767427 0.13323
2 0.20617 0.641735 0.152095
2 0.291423 0.557714 0.150863
2 0.374012 0.539865 0.0861234
4 0.51355 0.411765 0.0746853
4 0.691514 0.211696 0.0967899
