Secondary Structure Prediction Output by cSVM (Part of BalancedSSP)
TARGET: P01730, Length: 60

SR#  AA  cSVM  pBeta  pCoil  pHelix
1    M   H     0.330  0.323  0.347
2    N   H     0.320  0.297  0.383
3    R   H     0.319  0.305  0.376
4    G   H     0.313  0.320  0.367
5    V   H     0.316  0.337  0.347
6    P   H     0.318  0.339  0.343
7    F   H     0.321  0.338  0.342
8    R   H     0.318  0.334  0.348
9    H   H     0.325  0.326  0.349
10   L   H     0.340  0.317  0.343
11   L   E     0.344  0.329  0.327
12   L   E     0.347  0.341  0.312
13   V   E     0.351  0.350  0.298
14   L   C     0.347  0.358  0.295
15   Q   C     0.338  0.372  0.290
16   L   C     0.339  0.378  0.283
17   A   C     0.332  0.393  0.276
18   L   C     0.341  0.389  0.271
19   L   C     0.333  0.393  0.274
20   P   C     0.340  0.386  0.274
21   A   C     0.347  0.378  0.275
22   A   C     0.354  0.372  0.274
23   T   C     0.344  0.382  0.274
24   Q   C     0.344  0.387  0.269
25   G   C     0.332  0.392  0.276
26   K   C     0.354  0.383  0.263
27   K   E     0.390  0.358  0.252
28   V   E     0.393  0.349  0.258
29   V   E     0.393  0.342  0.265
30   L   E     0.400  0.330  0.270
31   G   E     0.367  0.344  0.289
32   K   C     0.351  0.367  0.282
33   K   C     0.356  0.364  0.280
34   G   C     0.340  0.384  0.276
35   D   C     0.334  0.391  0.275
36   T   C     0.352  0.386  0.263
37   V   E     0.376  0.362  0.262
38   E   E     0.382  0.358  0.260
39   L   E     0.415  0.325  0.260
40   T   E     0.380  0.344  0.276
41   C   E     0.392  0.334  0.273
42   T   E     0.386  0.354  0.260
43   A   C     0.358  0.378  0.264
44   S   C     0.340  0.396  0.264
45   Q   C     0.337  0.394  0.269
46   K   C     0.341  0.398  0.262
47   K   C     0.347  0.393  0.260
48   S   C     0.354  0.386  0.260
49   I   C     0.352  0.376  0.272
50   Q   E     0.365  0.365  0.270
51   F   E     0.365  0.357  0.278
52   H   C     0.354  0.368  0.278
53   W   C     0.352  0.373  0.275
54   K   C     0.345  0.373  0.282
55   N   C     0.338  0.383  0.279
56   S   C     0.320  0.397  0.283
57   N   C     0.317  0.408  0.275
58   Q   C     0.316  0.409  0.275
59   I   C     0.319  0.406  0.274
60   K   C     0.324  0.408  0.268
