labels 4 2 1
4 0.376192 0.312604 0.311203
2 0.154057 0.606408 0.239535
2 0.111514 0.699263 0.189222
2 0.0483453 0.853518 0.0981367
2 0.0316764 0.87163 0.0966938
2 0.0270913 0.864055 0.108854
2 0.0421601 0.783845 0.173995
2 0.0592175 0.608374 0.332408
1 0.124633 0.294064 0.581303
1 0.111481 0.2521 0.636419
1 0.176103 0.355812 0.468085
1 0.244563 0.328281 0.427156
2 0.208046 0.401886 0.390068
1 0.237576 0.33088 0.431544
1 0.213938 0.256989 0.529073
1 0.232603 0.344628 0.422769
1 0.230469 0.236115 0.533416
1 0.185844 0.233389 0.580767
1 0.233248 0.227503 0.539249
1 0.212318 0.224551 0.563131
1 0.261112 0.272585 0.466303
1 0.310309 0.230632 0.459059
4 0.35221 0.301267 0.346523
2 0.288543 0.368828 0.342628
1 0.287656 0.324286 0.388058
2 0.182901 0.473757 0.343342
2 0.193332 0.579433 0.227235
2 0.141378 0.596443 0.262179
2 0.178709 0.56067 0.260621
1 0.154243 0.409523 0.436234
1 0.277176 0.350161 0.372663
1 0.280421 0.310728 0.408851
1 0.261051 0.351744 0.387205
2 0.269973 0.379437 0.35059
4 0.343626 0.314417 0.341957
1 0.257598 0.354091 0.388312
1 0.19726 0.298388 0.504352
1 0.165565 0.340073 0.494362
1 0.182299 0.337439 0.480262
1 0.253197 0.315128 0.431675
2 0.221974 0.476853 0.301173
2 0.333998 0.50387 0.162132
4 0.481687 0.411375 0.106938
4 0.481742 0.36766 0.150598
2 0.327385 0.487871 0.184745
2 0.200237 0.613898 0.185865
2 0.202722 0.570346 0.226932
2 0.171908 0.53665 0.291442
2 0.229709 0.449817 0.320474
1 0.172032 0.339679 0.488289
1 0.130509 0.381955 0.487535
1 0.113319 0.286386 0.600295
1 0.182044 0.230023 0.587933
1 0.209856 0.311729 0.478414
1 0.154235 0.421874 0.423891
2 0.0851201 0.476657 0.438222
2 0.0769559 0.599762 0.323282
2 0.0693914 0.710414 0.220194
2 0.18113 0.668803 0.150066
4 0.492225 0.350729 0.157047
