labels 4 2 1
2 0.326932 0.570876 0.102192
2 0.112381 0.843623 0.0439967
2 0.130494 0.799858 0.0696473
2 0.108778 0.812848 0.078374
2 0.246083 0.681712 0.072205
2 0.193929 0.719336 0.086735
2 0.110758 0.841115 0.0481274
2 0.0959142 0.86176 0.0423263
2 0.113568 0.850141 0.0362915
2 0.0899795 0.869106 0.0409142
2 0.0761171 0.897825 0.0260583
2 0.0571891 0.92511 0.0177005
2 0.0588396 0.931162 0.0099983
2 0.0429697 0.950435 0.00659549
2 0.0346119 0.960769 0.00461924
2 0.0583738 0.926212 0.0154144
2 0.0657199 0.914949 0.0193311
2 0.0509951 0.932616 0.0163888
2 0.0516399 0.935401 0.0129588
2 0.0285089 0.961517 0.00997409
2 0.0340809 0.957976 0.00794293
2 0.0146553 0.977725 0.00762014
2 0.00581823 0.99018 0.00400129
2 0.00905698 0.98123 0.00971267
2 0.0178442 0.956863 0.0252927
2 0.0360114 0.926591 0.0373979
2 0.0633306 0.87676 0.0599098
2 0.177519 0.735801 0.0866795
2 0.39418 0.534614 0.071206
2 0.338034 0.501979 0.159988
2 0.266621 0.596745 0.136634
2 0.161378 0.697373 0.141249
2 0.0799739 0.817753 0.102273
2 0.029689 0.940504 0.0298074
2 0.04664 0.926428 0.0269318
2 0.0742288 0.897643 0.0281285
2 0.104247 0.873349 0.0224045
2 0.108376 0.86214 0.0294835
2 0.112691 0.852747 0.0345611
2 0.0829997 0.883905 0.0330954
2 0.0611153 0.918556 0.020329
2 0.0455604 0.940787 0.0136527
2 0.0626595 0.922693 0.0146479
2 0.089169 0.896797 0.0140342
2 0.166048 0.81059 0.0233623
2 0.115338 0.864279 0.0203831
2 0.0789724 0.906321 0.0147069
2 0.054251 0.937754 0.00799506
2 0.0437919 0.948919 0.00728876
2 0.0253332 0.967958 0.00670912
2 0.0227142 0.972151 0.005135
2 0.0316349 0.95967 0.00869535
2 0.0155543 0.979624 0.00482137
2 0.0139454 0.982187 0.00386735
2 0.0216738 0.975158 0.00316848
2 0.0409588 0.956724 0.00231687
2 0.0712988 0.924993 0.00370845
2 0.0947166 0.900707 0.00457681
2 0.132617 0.860778 0.00660495
2 0.325276 0.660097 0.0146264
