labels 4 2 1
2 0.339188 0.580573 0.0802394
2 0.15941 0.808343 0.0322471
2 0.25227 0.71273 0.0349997
2 0.402103 0.567664 0.0302331
2 0.210053 0.776909 0.0130384
2 0.067369 0.921897 0.0107342
2 0.0255703 0.967204 0.00722608
2 0.0180701 0.979837 0.00209293
2 0.0394619 0.956661 0.00387714
2 0.0596659 0.937225 0.00310954
2 0.0573042 0.937098 0.00559741
2 0.129829 0.861766 0.00840547
2 0.077813 0.919105 0.00308211
2 0.0947549 0.901525 0.00371989
2 0.0393888 0.958123 0.00248835
2 0.0301635 0.967243 0.0025934
2 0.031087 0.965865 0.00304797
2 0.0112716 0.986981 0.00174778
2 0.00342936 0.99564 0.000930785
2 0.00646595 0.992376 0.00115797
2 0.0107938 0.987369 0.00183705
2 0.0342723 0.962973 0.00275481
2 0.0501536 0.946697 0.00314897
2 0.0498286 0.947622 0.00254945
2 0.0537992 0.942087 0.00411391
2 0.104947 0.886273 0.00877973
2 0.125988 0.858233 0.0157784
2 0.0830614 0.906315 0.0106232
2 0.0304388 0.960594 0.0089672
2 0.078969 0.904696 0.0163351
2 0.109668 0.870381 0.019951
2 0.0777819 0.909677 0.0125411
2 0.0438929 0.95009 0.00601731
2 0.0492935 0.941748 0.00895888
2 0.0556772 0.93434 0.00998288
2 0.0480112 0.938144 0.0138452
2 0.0347828 0.952421 0.0127958
2 0.0468558 0.942535 0.010609
2 0.0304726 0.960716 0.00881135
2 0.0104037 0.986065 0.00353137
2 0.0225148 0.97387 0.00361498
2 0.0334497 0.960551 0.00599976
2 0.0613451 0.927547 0.0111081
2 0.0625667 0.930034 0.00739897
2 0.0638111 0.932787 0.00340151
2 0.0804709 0.916993 0.00253622
2 0.0681587 0.930922 0.00091903
2 0.0415175 0.95724 0.00124259
2 0.048384 0.94992 0.00169634
2 0.0228556 0.974932 0.00221282
2 0.0196687 0.978364 0.00196724
2 0.0096933 0.98872 0.00158629
2 0.0260032 0.97032 0.00367635
2 0.0551665 0.939475 0.00535902
2 0.192297 0.803022 0.00468092
2 0.371711 0.623011 0.00527731
2 0.337372 0.658546 0.00408156
2 0.291736 0.704722 0.00354182
2 0.429263 0.565261 0.00547574
4 0.613805 0.373968 0.0122273
