labels 4 2 1
4 0.600685 0.239764 0.159552
2 0.435994 0.444093 0.119913
2 0.39788 0.467592 0.134528
2 0.38183 0.545536 0.072634
2 0.281991 0.651285 0.0667235
2 0.236685 0.699869 0.0634463
2 0.172512 0.762722 0.0647663
2 0.127819 0.800413 0.0717674
2 0.0831604 0.851816 0.0650239
2 0.0354357 0.916675 0.0478892
2 0.0438541 0.89874 0.0574059
2 0.0668937 0.80695 0.126157
2 0.127898 0.713207 0.158894
2 0.156421 0.674401 0.169178
2 0.284533 0.597703 0.117764
2 0.326061 0.549959 0.123981
2 0.251937 0.604243 0.143821
2 0.174786 0.722935 0.10228
2 0.256994 0.66273 0.0802755
2 0.360422 0.535198 0.10438
2 0.240425 0.662818 0.0967571
2 0.130746 0.788045 0.0812088
2 0.09858 0.813639 0.0877809
2 0.155274 0.722733 0.121993
2 0.228223 0.590304 0.181473
2 0.173036 0.671121 0.155843
2 0.273281 0.609434 0.117286
2 0.281259 0.535173 0.183568
2 0.270747 0.547217 0.182036
2 0.260998 0.535477 0.203525
2 0.24117 0.583439 0.175391
2 0.292663 0.549599 0.157738
2 0.26627 0.650699 0.0830309
2 0.239995 0.720916 0.0390888
2 0.290392 0.689635 0.0199737
2 0.149044 0.839426 0.0115303
2 0.0820499 0.905925 0.0120256
2 0.0364404 0.955837 0.00772213
2 0.0470219 0.940768 0.0122101
2 0.0291591 0.956259 0.0145824
2 0.0206681 0.964222 0.0151097
2 0.0316759 0.941961 0.0263633
2 0.10366 0.852682 0.0436574
2 0.102852 0.833987 0.0631608
2 0.130574 0.793595 0.0758308
2 0.200041 0.741979 0.0579794
2 0.302985 0.639016 0.0579995
2 0.288534 0.655264 0.0562021
2 0.192218 0.775502 0.0322806
2 0.226737 0.752147 0.0211166
2 0.254081 0.723348 0.0225718
2 0.0992716 0.886963 0.0137658
2 0.0580698 0.932854 0.00907662
2 0.0233096 0.970467 0.00622329
2 0.0299957 0.961519 0.008485
2 0.0260474 0.959358 0.0145942
2 0.0381644 0.94313 0.0187059
2 0.0961143 0.87245 0.0314356
2 0.286203 0.667522 0.046275
4 0.563294 0.369971 0.0667351
