labels 4 2 1
4 0.650744 0.275848 0.0734082
2 0.36604 0.564942 0.0690187
2 0.258416 0.634496 0.107088
2 0.123915 0.766594 0.10949
2 0.0966958 0.826363 0.0769415
2 0.0564372 0.854799 0.088764
2 0.0629648 0.810928 0.126107
2 0.0562848 0.756676 0.187039
2 0.0399408 0.729386 0.230674
2 0.0494461 0.571601 0.378953
2 0.0404923 0.60521 0.354298
2 0.0350179 0.692675 0.272307
2 0.044344 0.702253 0.253403
2 0.064853 0.544994 0.390153
2 0.0886669 0.583195 0.328138
2 0.0824393 0.764138 0.153423
2 0.0744549 0.868024 0.0575214
2 0.033564 0.918309 0.0481274
2 0.0200289 0.949542 0.0304288
2 0.0318306 0.905305 0.0628648
2 0.0215008 0.932032 0.0464675
2 0.0233393 0.92222 0.0544408
2 0.041577 0.890128 0.0682955
2 0.0843748 0.881839 0.0337858
2 0.129179 0.811602 0.0592182
2 0.0938134 0.832001 0.0741851
2 0.0692812 0.825915 0.104804
2 0.0824865 0.825583 0.0919308
2 0.041719 0.86267 0.0956109
2 0.0381264 0.834489 0.127384
2 0.0548095 0.849735 0.0954554
2 0.0898855 0.799226 0.110888
2 0.0847285 0.739056 0.176216
2 0.0684226 0.791726 0.139851
2 0.10573 0.73244 0.16183
2 0.0980853 0.734261 0.167654
2 0.143765 0.684701 0.171534
2 0.189119 0.620815 0.190066
2 0.190792 0.733359 0.0758491
2 0.254575 0.680991 0.0644339
2 0.117934 0.833971 0.0480947
2 0.0961504 0.873905 0.0299451
2 0.0966231 0.873559 0.0298179
2 0.0779079 0.886971 0.0351214
2 0.120313 0.834225 0.0454625
2 0.155419 0.818909 0.0256718
2 0.165677 0.813341 0.020982
2 0.115226 0.867137 0.017636
2 0.0711484 0.904962 0.0238899
2 0.0601282 0.915047 0.0248244
2 0.0720133 0.893502 0.0344846
2 0.0520503 0.891798 0.0561518
2 0.073744 0.844484 0.0817717
2 0.0781451 0.806734 0.115121
2 0.108208 0.771381 0.120411
2 0.088667 0.831732 0.0796012
2 0.0931934 0.837616 0.0691909
2 0.132415 0.792061 0.075524
2 0.263207 0.654163 0.0826301
4 0.511007 0.3607 0.128293
