labels 4 2 1
2 0.457786 0.489794 0.0524208
2 0.170951 0.794375 0.0346735
2 0.0897642 0.885996 0.0242399
2 0.060676 0.920659 0.018665
2 0.0637241 0.920159 0.0161172
2 0.123711 0.846653 0.0296352
2 0.190348 0.764621 0.0450317
2 0.152083 0.804823 0.0430944
2 0.135124 0.825476 0.0393996
2 0.173946 0.775068 0.0509853
2 0.265585 0.683719 0.0506961
2 0.341181 0.604164 0.0546546
2 0.349485 0.595443 0.0550719
2 0.300206 0.644966 0.0548278
2 0.370066 0.579662 0.050272
2 0.388356 0.565516 0.0461278
2 0.334078 0.628675 0.0372469
2 0.242994 0.719177 0.037829
2 0.151748 0.822413 0.0258386
2 0.25298 0.695636 0.0513845
2 0.22518 0.720859 0.0539616
2 0.149687 0.793835 0.0564783
2 0.142107 0.813907 0.0439866
2 0.25618 0.715582 0.0282378
2 0.305172 0.673033 0.0217951
2 0.226621 0.752288 0.0210911
2 0.149885 0.838043 0.0120713
2 0.129064 0.864986 0.00595009
2 0.0871977 0.907525 0.00527695
2 0.0652585 0.930175 0.00456623
2 0.0717069 0.922612 0.00568103
2 0.144091 0.848203 0.00770624
2 0.209788 0.781713 0.00849874
2 0.197761 0.792679 0.00955948
2 0.124129 0.867105 0.00876616
2 0.0718557 0.920472 0.00767251
2 0.0958814 0.896233 0.00788599
2 0.0806113 0.91125 0.00813898
2 0.0954425 0.88653 0.0180272
2 0.070272 0.914718 0.0150101
2 0.0621104 0.924835 0.0130543
2 0.0306238 0.963197 0.00617929
2 0.0287621 0.965008 0.00622952
2 0.0554684 0.936851 0.00768101
2 0.0860471 0.900232 0.0137213
2 0.0554802 0.935802 0.0087175
2 0.0135052 0.98225 0.0042451
2 0.00238465 0.996579 0.00103617
2 0.0013338 0.99793 0.000736556
2 3.01803e-06 0.999404 0.000593347
2 3.10276e-06 0.999285 0.000711909
2 0.00255265 0.996351 0.0010967
2 0.00676693 0.99087 0.0023626
2 0.00991523 0.98737 0.00271497
2 0.0171051 0.979897 0.00299832
2 0.0433298 0.950033 0.00663692
2 0.073917 0.912164 0.0139191
2 0.0710843 0.908079 0.0208365
2 0.0856946 0.902228 0.0120778
2 0.230248 0.730139 0.0396127
