Secondary Structure Prediction Output by cSVM (Part of BalancedSSP)
TARGET: Q9H981-1, Length: 60

SR#  AA  cSVM  pBeta  pCoil  pHelix
1    M   E     0.336  0.331  0.334
2    T   H     0.346  0.306  0.348
3    Q   H     0.353  0.281  0.367
4    A   H     0.342  0.275  0.382
5    E   H     0.353  0.281  0.366
6    K   E     0.360  0.284  0.356
7    G   E     0.365  0.295  0.340
8    D   E     0.345  0.313  0.342
9    T   E     0.343  0.326  0.332
10   E   C     0.333  0.349  0.318
11   N   C     0.332  0.371  0.297
12   G   C     0.328  0.384  0.287
13   K   C     0.353  0.378  0.270
14   E   C     0.358  0.377  0.266
15   K   C     0.344  0.390  0.266
16   G   C     0.345  0.389  0.267
17   G   C     0.329  0.400  0.271
18   E   C     0.342  0.387  0.272
19   K   C     0.341  0.389  0.271
20   E   C     0.341  0.385  0.274
21   K   C     0.334  0.391  0.275
22   E   C     0.340  0.387  0.273
23   Q   C     0.343  0.390  0.267
24   R   C     0.337  0.399  0.264
25   G   C     0.344  0.395  0.261
26   V   C     0.365  0.383  0.252
27   K   C     0.374  0.380  0.247
28   R   C     0.367  0.386  0.247
29   P   E     0.378  0.377  0.245
30   I   C     0.373  0.377  0.250
31   V   E     0.386  0.369  0.245
32   P   E     0.382  0.374  0.244
33   A   E     0.383  0.371  0.246
34   L   E     0.388  0.366  0.247
35   V   E     0.389  0.363  0.248
36   P   E     0.383  0.366  0.251
37   E   E     0.382  0.359  0.259
38   S   E     0.394  0.350  0.256
39   L   E     0.394  0.348  0.258
40   Q   E     0.372  0.365  0.262
41   E   C     0.357  0.378  0.266
42   Q   C     0.368  0.371  0.260
43   I   C     0.360  0.379  0.261
44   Q   C     0.350  0.390  0.261
45   S   C     0.356  0.381  0.263
46   N   C     0.353  0.385  0.261
47   F   C     0.364  0.372  0.265
48   I   E     0.389  0.345  0.267
49   I   E     0.414  0.318  0.267
50   V   E     0.434  0.307  0.259
51   I   E     0.395  0.336  0.269
52   H   E     0.380  0.347  0.273
53   P   E     0.372  0.350  0.278
54   G   E     0.369  0.351  0.280
55   S   C     0.352  0.373  0.275
56   T   C     0.326  0.395  0.279
57   T   C     0.341  0.382  0.277
58   L   C     0.346  0.373  0.281
59   R   C     0.347  0.381  0.272
60   I   C     0.342  0.389  0.269
