Secondary Structure Prediction Output (Part of REGAd3p ASA Prediction)
TARGET: Q9H981-1, Length: 60

SR#  AA  SSp  pCoil          pBeta          pHelix
1    M   E    0.457786       0.489794       0.0524208
2    T   E    0.170951       0.794375       0.0346735
3    Q   E    0.0897642      0.885996       0.0242399
4    A   E    0.060676       0.920659       0.018665
5    E   E    0.0637241      0.920159       0.0161172
6    K   E    0.123711       0.846653       0.0296352
7    G   E    0.190348       0.764621       0.0450317
8    D   E    0.152083       0.804823       0.0430944
9    T   E    0.135124       0.825476       0.0393996
10   E   E    0.173946       0.775068       0.0509853
11   N   E    0.265585       0.683719       0.0506961
12   G   E    0.341181       0.604164       0.0546546
13   K   E    0.349485       0.595443       0.0550719
14   E   E    0.300206       0.644966       0.0548278
15   K   E    0.370066       0.579662       0.050272
16   G   E    0.388356       0.565516       0.0461278
17   G   E    0.334078       0.628675       0.0372469
18   E   E    0.242994       0.719177       0.037829
19   K   E    0.151748       0.822413       0.0258386
20   E   E    0.25298        0.695636       0.0513845
21   K   E    0.22518        0.720859       0.0539616
22   E   E    0.149687       0.793835       0.0564783
23   Q   E    0.142107       0.813907       0.0439866
24   R   E    0.25618        0.715582       0.0282378
25   G   E    0.305172       0.673033       0.0217951
26   V   E    0.226621       0.752288       0.0210911
27   K   E    0.149885       0.838043       0.0120713
28   R   E    0.129064       0.864986       0.00595009
29   P   E    0.0871977      0.907525       0.00527695
30   I   E    0.0652585      0.930175       0.00456623
31   V   E    0.0717069      0.922612       0.00568103
32   P   E    0.144091       0.848203       0.00770624
33   A   E    0.209788       0.781713       0.00849874
34   L   E    0.197761       0.792679       0.00955948
35   V   E    0.124129       0.867105       0.00876616
36   P   E    0.0718557      0.920472       0.00767251
37   E   E    0.0958814      0.896233       0.00788599
38   S   E    0.0806113      0.91125        0.00813898
39   L   E    0.0954425      0.88653        0.0180272
40   Q   E    0.070272       0.914718       0.0150101
41   E   E    0.0621104      0.924835       0.0130543
42   Q   E    0.0306238      0.963197       0.00617929
43   I   E    0.0287621      0.965008       0.00622952
44   Q   E    0.0554684      0.936851       0.00768101
45   S   E    0.0860471      0.900232       0.0137213
46   N   E    0.0554802      0.935802       0.0087175
47   F   E    0.0135052      0.98225        0.0042451
48   I   E    0.00238465     0.996579       0.00103617
49   I   E    0.0013338      0.99793        0.000736556
50   V   E    3.01803e-06    0.999404       0.000593347
51   I   E    3.10276e-06    0.999285       0.000711909
52   H   E    0.00255265     0.996351       0.0010967
53   P   E    0.00676693     0.99087        0.0023626
54   G   E    0.00991523     0.98737        0.00271497
55   S   E    0.0171051      0.979897       0.00299832
56   T   E    0.0433298      0.950033       0.00663692
57   T   E    0.073917       0.912164       0.0139191
58   L   E    0.0710843      0.908079       0.0208365
59   R   E    0.0856946      0.902228       0.0120778
60   I   E    0.230248       0.730139       0.0396127
END
