labels 4 2 1
2 0.171698 0.597311 0.23099
2 0.0340071 0.90336 0.062633
2 0.0359429 0.898486 0.0655715
2 0.0208406 0.941725 0.0374345
2 0.0260893 0.922685 0.0512258
2 0.0221267 0.888036 0.0898372
2 0.00983674 0.897046 0.093117
2 0.00724624 0.913271 0.0794828
2 0.00665554 0.897892 0.0954529
2 0.00908878 0.925493 0.0654179
2 0.0211957 0.870592 0.108212
2 0.0216699 0.888734 0.0895958
2 0.0170197 0.857571 0.125409
2 0.0170814 0.913152 0.0697668
2 0.00936465 0.952351 0.0382845
2 0.00654782 0.970773 0.0226792
2 0.0069414 0.956912 0.0361471
2 0.0122104 0.939574 0.048216
2 0.0147144 0.855759 0.129527
2 0.0350915 0.804599 0.16031
2 0.0620237 0.7116 0.226377
2 0.112346 0.771941 0.115713
2 0.112284 0.828131 0.0595854
2 0.0429365 0.916718 0.0403457
2 0.0345747 0.908412 0.0570137
2 0.0293164 0.938615 0.0320684
2 0.0308651 0.921679 0.0474562
2 0.0429295 0.821205 0.135866
2 0.0914943 0.538536 0.36997
1 0.0646673 0.265246 0.670087
1 0.0599246 0.298641 0.641434
1 0.0734183 0.419685 0.506897
1 0.055151 0.327678 0.617171
1 0.0339307 0.353819 0.61225
1 0.0397439 0.438915 0.521342
2 0.0135194 0.713409 0.273072
2 0.012593 0.831604 0.155803
2 0.03821 0.698477 0.263313
2 0.0674455 0.672735 0.259819
2 0.101739 0.667546 0.230714
2 0.183912 0.467716 0.348372
2 0.232385 0.430919 0.336696
2 0.261171 0.385973 0.352856
2 0.210403 0.55647 0.233127
2 0.108839 0.747854 0.143308
2 0.0919346 0.847251 0.0608146
2 0.0460187 0.918848 0.0351334
2 0.0295624 0.940679 0.0297591
2 0.0511493 0.883959 0.064892
2 0.0542233 0.898577 0.0471993
2 0.0574508 0.88703 0.055519
2 0.0514496 0.891024 0.0575261
2 0.0434019 0.903437 0.0531615
2 0.0770213 0.836322 0.0866563
2 0.098603 0.830041 0.0713558
2 0.158882 0.786161 0.0549561
2 0.182923 0.73709 0.0799863
2 0.111769 0.847222 0.0410096
2 0.0947213 0.873971 0.0313073
2 0.130882 0.813378 0.0557407
