Secondary Structure Prediction Output by cSVM (Part of BalancedSSP)
TARGET: P38936, Length: 60

SR#  AA  cSVM  pBeta  pCoil  pHelix
1    M   E     0.362  0.327  0.311
2    S   E     0.355  0.303  0.342
3    E   H     0.349  0.288  0.363
4    P   H     0.335  0.289  0.376
5    A   H     0.339  0.288  0.373
6    G   H     0.332  0.309  0.359
7    D   H     0.333  0.320  0.347
8    V   H     0.334  0.321  0.345
9    R   E     0.339  0.335  0.326
10   Q   C     0.340  0.361  0.300
11   N   C     0.344  0.376  0.280
12   P   C     0.364  0.364  0.272
13   C   C     0.366  0.368  0.267
14   G   C     0.344  0.393  0.263
15   S   C     0.342  0.397  0.261
16   K   C     0.349  0.386  0.265
17   A   C     0.363  0.371  0.266
18   C   C     0.343  0.389  0.268
19   R   C     0.355  0.388  0.257
20   R   C     0.357  0.384  0.259
21   L   E     0.372  0.361  0.267
22   F   E     0.389  0.338  0.272
23   G   E     0.364  0.358  0.278
24   P   E     0.377  0.347  0.276
25   V   E     0.369  0.348  0.282
26   D   C     0.346  0.368  0.285
27   S   C     0.346  0.376  0.277
28   E   C     0.345  0.382  0.273
29   Q   C     0.335  0.391  0.274
30   L   C     0.331  0.389  0.280
31   S   C     0.327  0.399  0.274
32   R   C     0.325  0.391  0.284
33   D   C     0.325  0.375  0.300
34   C   C     0.335  0.352  0.313
35   D   C     0.339  0.371  0.289
36   A   C     0.325  0.383  0.291
37   L   C     0.326  0.373  0.301
38   M   C     0.337  0.364  0.299
39   A   C     0.319  0.381  0.300
40   G   C     0.322  0.378  0.300
41   C   C     0.343  0.358  0.299
42   I   C     0.347  0.351  0.302
43   Q   E     0.362  0.349  0.290
44   E   C     0.340  0.370  0.290
45   A   C     0.336  0.364  0.300
46   R   C     0.328  0.374  0.299
47   E   C     0.327  0.370  0.303
48   R   C     0.333  0.373  0.294
49   W   E     0.361  0.337  0.302
50   N   C     0.351  0.358  0.291
51   F   E     0.361  0.341  0.298
52   D   C     0.355  0.363  0.281
53   F   C     0.345  0.371  0.284
54   V   C     0.318  0.392  0.290
55   T   C     0.314  0.398  0.288
56   E   C     0.319  0.394  0.287
57   T   C     0.331  0.391  0.278
58   P   C     0.351  0.376  0.273
59   L   C     0.363  0.366  0.270
60   E   C     0.350  0.381  0.269
