Secondary Structure Prediction Output (Part of REGAd3p ASA Prediction)
TARGET: P38936, Length: 60

SR#  AA  SSp  pCoil          pBeta          pHelix
1    M   E    0.435997       0.47999        0.0840127
2    S   E    0.209387       0.744321       0.0462923
3    E   E    0.20222        0.716324       0.0814562
4    P   E    0.193093       0.692971       0.113937
5    A   E    0.20266        0.614651       0.18269
6    G   E    0.273726       0.569085       0.157188
7    D   E    0.312425       0.533764       0.153811
8    V   E    0.191554       0.666419       0.142027
9    R   E    0.252176       0.557286       0.190538
10   Q   E    0.281631       0.56044        0.15793
11   N   E    0.312903       0.583841       0.103255
12   P   E    0.228413       0.625608       0.145978
13   C   E    0.138442       0.699023       0.162535
14   G   E    0.165427       0.708454       0.126118
15   S   E    0.131841       0.732469       0.13569
16   K   E    0.0656519      0.798994       0.135354
17   A   E    0.0335002      0.782574       0.183926
18   C   E    0.0345456      0.828317       0.137137
19   R   E    0.0497843      0.852545       0.0976707
20   R   E    0.0399739      0.899035       0.0609913
21   L   E    0.0100549      0.939962       0.0499832
22   F   E    0.00313302     0.973886       0.0229808
23   G   E    0.0048485      0.977591       0.0175605
24   P   E    0.00495315     0.978358       0.016689
25   V   E    0.00327205     0.981037       0.0156906
26   D   E    0.0103462      0.957636       0.0320179
27   S   E    0.0281015      0.905094       0.0668041
28   E   E    0.0322516      0.935967       0.0317818
29   Q   E    0.0566427      0.916807       0.0265508
30   L   E    0.0980342      0.86024        0.0417255
31   S   E    0.115233       0.844479       0.0402882
32   R   E    0.11587        0.825496       0.0586345
33   D   E    0.0533682      0.922397       0.0242352
34   C   E    0.0256889      0.950442       0.0238692
35   D   E    0.115796       0.846161       0.0380429
36   A   E    0.208814       0.744665       0.0465208
37   L   E    0.121586       0.824437       0.053977
38   M   E    0.0508568      0.857349       0.0917945
39   A   E    0.0907422      0.793884       0.115374
40   G   E    0.0889737      0.761824       0.149202
41   C   E    0.0419528      0.881983       0.076064
42   I   E    0.0179847      0.898303       0.0837128
43   Q   E    0.0123349      0.916239       0.0714266
44   E   E    0.0274607      0.854805       0.117734
45   A   E    0.0264065      0.770839       0.202755
46   R   E    0.0344271      0.633742       0.331831
47   E   E    0.038496       0.70668        0.254824
48   R   E    0.0141069      0.937235       0.0486584
49   W   E    0.00199319     0.98328        0.0147264
50   N   E    0.00271743     0.984411       0.0128717
51   F   E    0.00267549     0.973974       0.0233503
52   D   E    0.00677708     0.974995       0.0182282
53   F   E    0.0123308      0.954852       0.0328175
54   V   E    0.0364214      0.899496       0.0640827
55   T   E    0.0584004      0.796          0.145599
56   E   E    0.0465291      0.887189       0.0662815
57   T   E    0.0430126      0.934421       0.0225665
58   P   E    0.0857293      0.890671       0.0235999
59   L   E    0.116386       0.854462       0.0291515
60   E   E    0.360068       0.565114       0.0748182
END
