labels 4 2 1
4 0.584391 0.336004 0.0796052
2 0.278977 0.697296 0.0237271
2 0.258131 0.723124 0.0187453
2 0.197332 0.791716 0.0109519
2 0.126715 0.866105 0.00717943
2 0.18291 0.807255 0.00983417
2 0.168723 0.823309 0.00796803
2 0.107144 0.887486 0.00537049
2 0.0694318 0.928225 0.00234313
2 0.0618479 0.936789 0.0013633
2 0.0877711 0.909403 0.00282611
2 0.092894 0.902976 0.00412984
2 0.16009 0.832798 0.00711153
2 0.182447 0.810273 0.00728071
2 0.072221 0.91896 0.00881852
2 0.0203397 0.973498 0.00616204
2 0.0260109 0.963617 0.0103725
2 0.0468419 0.938117 0.0150415
2 0.0467959 0.938401 0.0148027
2 0.117802 0.858704 0.0234938
2 0.27318 0.689628 0.0371918
2 0.248403 0.714104 0.0374926
2 0.125641 0.849734 0.0246258
2 0.117072 0.84799 0.0349381
2 0.160842 0.798807 0.0403508
2 0.261143 0.648719 0.090138
2 0.277957 0.635803 0.0862392
2 0.214574 0.724044 0.0613813
2 0.213295 0.760873 0.0258315
2 0.273257 0.713701 0.0130422
2 0.255174 0.73741 0.00741571
2 0.242969 0.748378 0.00865295
2 0.198265 0.794448 0.00728644
2 0.226647 0.760993 0.0123602
2 0.103393 0.888788 0.00781955
2 0.0627675 0.931241 0.00599124
2 0.0323068 0.964105 0.00358847
2 0.0484582 0.946721 0.0048208
2 0.0725579 0.924008 0.00343448
2 0.149668 0.845926 0.00440673
2 0.243414 0.75001 0.00657608
2 0.258495 0.736062 0.00544356
2 0.185684 0.808447 0.00586868
2 0.17346 0.819826 0.00671442
2 0.156826 0.836183 0.00699034
2 0.207835 0.785219 0.00694567
2 0.227262 0.767685 0.0050535
2 0.359335 0.635221 0.00544474
2 0.360997 0.629521 0.00948251
2 0.224374 0.770941 0.00468471
2 0.159641 0.835814 0.00454475
2 0.142616 0.85359 0.00379438
2 0.113222 0.879131 0.00764759
2 0.0872249 0.900697 0.0120784
2 0.103249 0.884015 0.0127367
2 0.0859778 0.901022 0.0130006
2 0.0705431 0.920889 0.00856812
2 0.204048 0.783529 0.0124222
2 0.406441 0.582272 0.0112873
4 0.565701 0.417812 0.0164868
