labels 4 2 1
4 0.550341 0.353438 0.0962215
4 0.496344 0.460267 0.0433898
4 0.4999 0.419563 0.0805369
2 0.375436 0.546404 0.0781598
2 0.278216 0.621904 0.0998798
2 0.252472 0.638016 0.109512
2 0.109155 0.686667 0.204178
2 0.0664641 0.638859 0.294677
2 0.0536557 0.745867 0.200478
2 0.07225 0.847006 0.0807437
2 0.0451849 0.918597 0.0362178
2 0.0262115 0.942269 0.0315196
2 0.0244368 0.926614 0.0489492
2 0.0273596 0.894969 0.0776709
2 0.027292 0.864313 0.108395
2 0.0447588 0.796631 0.15861
2 0.109984 0.685921 0.204095
2 0.28033 0.479669 0.240001
2 0.30319 0.435186 0.261625
4 0.390086 0.317602 0.292312
2 0.280957 0.371406 0.347637
2 0.281439 0.405024 0.313537
2 0.272143 0.368953 0.358903
2 0.171948 0.6839 0.144151
2 0.098269 0.829098 0.0726329
2 0.0503492 0.926971 0.0226799
2 0.0420613 0.947295 0.0106439
2 0.0361839 0.95614 0.00767654
2 0.0455609 0.943342 0.0110976
2 0.0944215 0.889149 0.0164294
2 0.277947 0.705268 0.016785
2 0.358633 0.609557 0.03181
2 0.356538 0.616373 0.0270893
2 0.35832 0.606365 0.0353151
2 0.350948 0.589499 0.059553
2 0.232381 0.724778 0.042841
2 0.26369 0.684724 0.0515861
2 0.252743 0.68651 0.0607468
2 0.28719 0.644639 0.0681708
2 0.350394 0.562671 0.0869342
4 0.461298 0.460312 0.0783896
4 0.471041 0.445997 0.0829616
2 0.317111 0.518753 0.164135
2 0.220326 0.614729 0.164945
2 0.210624 0.571698 0.217678
2 0.211338 0.611057 0.177605
2 0.263207 0.528904 0.207889
2 0.327831 0.506491 0.165678
2 0.406948 0.495305 0.0977468
2 0.429394 0.4805 0.0901058
4 0.460073 0.437017 0.10291
2 0.382075 0.532595 0.0853306
2 0.242855 0.69114 0.0660048
2 0.0655272 0.898566 0.035907
2 0.0416904 0.934927 0.0233825
2 0.0354969 0.937529 0.0269738
2 0.0433635 0.921494 0.035143
2 0.0548651 0.922172 0.0229632
2 0.101985 0.873853 0.0241626
2 0.358362 0.580087 0.0615506
