labels 4 2 1
4 0.637046 0.216487 0.146467
2 0.442397 0.476671 0.0809314
2 0.286933 0.64522 0.0678475
2 0.0904268 0.883546 0.0260274
2 0.0796635 0.903153 0.0171835
2 0.0418827 0.938786 0.0193309
2 0.0178924 0.969309 0.0127987
2 0.0169779 0.957303 0.0257187
2 0.0177617 0.897943 0.0842954
2 0.0318397 0.849388 0.118773
2 0.0473434 0.768967 0.183689
2 0.0478807 0.788409 0.163711
2 0.066358 0.820342 0.1133
2 0.0484038 0.840756 0.11084
2 0.073526 0.803421 0.123053
2 0.14613 0.735369 0.118501
2 0.103092 0.850659 0.0462496
2 0.082296 0.890587 0.027117
2 0.0648467 0.906996 0.0281569
2 0.052108 0.922491 0.0254005
2 0.0394956 0.912838 0.0476662
2 0.0290432 0.948867 0.0220902
2 0.0151285 0.971232 0.0136391
2 0.0212454 0.961059 0.0176956
2 0.0386162 0.914145 0.0472389
2 0.0563153 0.892106 0.0515787
2 0.0221983 0.954903 0.0228989
2 0.00868959 0.977147 0.0141632
2 0.0118228 0.962736 0.0254414
2 0.0213184 0.955883 0.0227981
2 0.0287981 0.948917 0.022285
2 0.0217673 0.959452 0.0187804
2 0.0190949 0.97064 0.0102653
2 0.0171233 0.971401 0.0114762
2 0.0116035 0.977796 0.0106007
2 0.00490703 0.972181 0.0229122
2 0.00912757 0.954196 0.0366768
2 0.0203024 0.911497 0.0682001
2 0.0190239 0.924337 0.0566389
2 0.0186058 0.940013 0.0413808
2 0.0546431 0.909141 0.0362158
2 0.0819395 0.895869 0.0221917
2 0.0407256 0.948679 0.0105957
2 0.0138622 0.978821 0.00731691
2 0.0123398 0.98246 0.00519991
2 0.0159757 0.976652 0.00737192
2 0.0445291 0.941708 0.0137624
2 0.114275 0.865048 0.0206773
2 0.232223 0.746356 0.0214214
2 0.123138 0.859549 0.0173128
2 0.0530034 0.938759 0.00823801
2 0.0232612 0.971423 0.0053162
2 0.0205079 0.970859 0.00863309
2 0.0191694 0.969354 0.0114771
2 0.0216338 0.957328 0.0210378
2 0.0264833 0.919331 0.054186
2 0.0461272 0.875912 0.0779611
2 0.099745 0.752539 0.147716
2 0.226864 0.576963 0.196173
4 0.50125 0.31316 0.18559
