labels 4 2 1
4 0.697277 0.25207 0.0506522
2 0.408488 0.561902 0.0296104
2 0.376902 0.58259 0.0405085
2 0.178503 0.774075 0.0474222
2 0.0625077 0.909009 0.028483
2 0.0408749 0.926194 0.0329314
2 0.0269704 0.936752 0.0362779
2 0.0466093 0.919985 0.0334053
2 0.0489537 0.921247 0.0297992
2 0.0369283 0.940654 0.0224178
2 0.0635964 0.915958 0.0204459
2 0.0641348 0.906732 0.0291336
2 0.101978 0.875061 0.0229611
2 0.100266 0.856831 0.0429034
2 0.0983209 0.868031 0.033648
2 0.137367 0.81766 0.0449724
2 0.103872 0.82952 0.0666082
2 0.0799359 0.868608 0.0514565
2 0.0535999 0.895521 0.0508787
2 0.0215331 0.953472 0.0249944
2 0.00569405 0.983038 0.0112684
2 0.0031015 0.991896 0.00500276
2 0.00325607 0.992255 0.00448884
2 0.00723746 0.980647 0.0121152
2 0.0150954 0.9711 0.0138044
2 0.0582265 0.904339 0.0374346
2 0.120055 0.827481 0.0524638
2 0.187651 0.775467 0.0368818
2 0.18928 0.774181 0.0365391
2 0.28488 0.669041 0.0460792
2 0.229056 0.72267 0.0482734
2 0.167667 0.772855 0.0594785
2 0.102637 0.854979 0.0423839
2 0.135552 0.816981 0.0474671
2 0.242658 0.710357 0.0469852
2 0.171587 0.782192 0.0462213
2 0.0901174 0.870891 0.0389914
2 0.0886216 0.863944 0.0474342
2 0.0935064 0.855864 0.0506301
2 0.108692 0.805444 0.0858644
2 0.0526375 0.842437 0.104925
2 0.0606036 0.87604 0.0633565
2 0.0513416 0.859952 0.088706
2 0.0609828 0.845664 0.0933532
2 0.0841918 0.823279 0.0925289
2 0.09087 0.830249 0.0788814
2 0.0776493 0.855237 0.0671133
2 0.0720683 0.879737 0.0481945
2 0.0587588 0.910039 0.0312018
2 0.0400312 0.937951 0.022018
2 0.0961855 0.871598 0.0322167
2 0.0405387 0.892466 0.0669952
2 0.0149302 0.953754 0.031316
2 0.00766963 0.949539 0.0427918
2 0.00875861 0.958358 0.0328835
2 0.0238648 0.90028 0.0758553
2 0.0606551 0.817877 0.121468
2 0.117648 0.683014 0.199338
2 0.302048 0.503197 0.194755
4 0.654407 0.201732 0.143861
