labels 4 2 1
2 0.360427 0.503317 0.136256
2 0.0989611 0.851 0.050039
2 0.0355459 0.890772 0.0736817
2 0.0170253 0.932191 0.0507836
2 0.0226706 0.905351 0.0719784
2 0.0428211 0.889335 0.0678436
2 0.0467139 0.871515 0.0817708
2 0.0324594 0.832848 0.134693
2 0.0277087 0.895328 0.076963
2 0.060598 0.878209 0.0611927
2 0.086284 0.821725 0.0919915
2 0.0496465 0.780693 0.16966
2 0.0399691 0.639491 0.32054
2 0.035952 0.65566 0.308388
2 0.0267822 0.818087 0.15513
2 0.0240713 0.833522 0.142407
2 0.0198716 0.740562 0.239566
2 0.0464694 0.743709 0.209821
2 0.12636 0.681487 0.192153
2 0.164177 0.729932 0.105891
2 0.227196 0.720327 0.0524767
2 0.145218 0.795618 0.0591639
2 0.118328 0.847254 0.0344182
2 0.096631 0.889495 0.0138736
2 0.0533879 0.939297 0.00731552
2 0.0367659 0.959643 0.00359087
2 0.0565788 0.939604 0.00381768
2 0.0470716 0.947326 0.00560202
2 0.0322907 0.957491 0.0102182
2 0.0135292 0.970755 0.0157157
2 0.00224027 0.976688 0.0210718
2 0.000221828 0.983182 0.016596
2 8.86198e-05 0.98951 0.010401
2 0.00105671 0.988747 0.0101964
2 0.0276761 0.934506 0.0378175
2 0.0999532 0.762504 0.137542
2 0.205049 0.660719 0.134233
2 0.313861 0.492801 0.193339
2 0.265546 0.641515 0.0929385
2 0.124801 0.842403 0.0327958
2 0.066026 0.912429 0.0215452
2 0.0727069 0.907431 0.0198626
2 0.159015 0.786839 0.0541455
2 0.209089 0.741853 0.0490581
2 0.23654 0.70975 0.0537096
2 0.0979138 0.829177 0.0729089
2 0.0732247 0.863058 0.0637177
2 0.0393977 0.924822 0.03578
2 0.01852 0.961195 0.0202854
2 0.0162684 0.972826 0.0109056
2 0.0341644 0.943922 0.0219136
2 0.0170553 0.95731 0.0256351
2 0.0129889 0.969525 0.0174859
2 0.0209592 0.950036 0.0290045
2 0.0375171 0.926625 0.0358581
2 0.0263042 0.941885 0.0318112
2 0.00945122 0.977813 0.0127359
2 0.0322984 0.955878 0.0118235
2 0.114936 0.871638 0.0134257
2 0.373304 0.59793 0.0287659
