Secondary Structure Prediction Output by cSVM (Part of BalancedSSP)
TARGET: P51671, Length: 60

SR#  AA  cSVM  pBeta  pCoil  pHelix
1    M   C     0.335  0.349  0.316
2    K   E     0.342  0.322  0.336
3    V   H     0.330  0.284  0.386
4    S   H     0.315  0.281  0.405
5    A   H     0.317  0.279  0.404
6    A   H     0.308  0.294  0.397
7    L   H     0.304  0.301  0.395
8    L   H     0.306  0.290  0.405
9    W   H     0.318  0.295  0.386
10   L   H     0.316  0.327  0.357
11   L   C     0.326  0.356  0.318
12   L   C     0.327  0.364  0.309
13   I   C     0.330  0.366  0.304
14   A   C     0.344  0.367  0.289
15   A   C     0.349  0.372  0.280
16   A   C     0.359  0.369  0.272
17   F   E     0.363  0.358  0.279
18   S   C     0.355  0.373  0.271
19   P   C     0.352  0.378  0.270
20   Q   C     0.348  0.385  0.267
21   G   C     0.332  0.396  0.271
22   L   C     0.357  0.379  0.264
23   A   C     0.352  0.380  0.268
24   G   C     0.348  0.387  0.265
25   P   C     0.353  0.385  0.262
26   A   C     0.343  0.395  0.262
27   S   C     0.332  0.405  0.264
28   V   C     0.343  0.397  0.261
29   P   C     0.339  0.394  0.267
30   T   E     0.375  0.362  0.262
31   T   E     0.404  0.321  0.274
32   C   E     0.418  0.282  0.299
33   C   E     0.436  0.271  0.293
34   F   E     0.422  0.307  0.271
35   N   E     0.391  0.355  0.254
36   L   C     0.360  0.378  0.262
37   A   C     0.332  0.398  0.270
38   N   C     0.331  0.401  0.268
39   R   C     0.338  0.399  0.262
40   K   C     0.367  0.379  0.254
41   I   E     0.385  0.363  0.252
42   P   C     0.364  0.373  0.263
43   L   C     0.352  0.383  0.266
44   Q   C     0.344  0.389  0.268
45   R   C     0.350  0.383  0.267
46   L   C     0.361  0.370  0.270
47   E   C     0.350  0.376  0.274
48   S   C     0.361  0.364  0.275
49   Y   E     0.368  0.354  0.279
50   R   C     0.340  0.386  0.274
51   R   C     0.327  0.405  0.268
52   I   C     0.320  0.407  0.272
53   T   C     0.322  0.408  0.270
54   S   C     0.336  0.386  0.278
55   G   C     0.327  0.382  0.291
56   K   C     0.328  0.376  0.296
57   C   C     0.339  0.360  0.301
58   P   C     0.340  0.377  0.283
59   Q   C     0.354  0.381  0.265
60   K   C     0.338  0.399  0.263
