Secondary Structure Prediction Output (Part of REGAd3p ASA Prediction)
TARGET: P20963-1, Length: 60

SR#  AA  SSp  pCoil          pBeta          pHelix
1    M   C    0.430095       0.217904       0.352001
2    K   E    0.264669       0.482526       0.252805
3    W   E    0.199837       0.417113       0.38305
4    K   H    0.172754       0.404174       0.423072
5    A   H    0.188963       0.347126       0.463911
6    L   E    0.129403       0.467602       0.402994
7    F   E    0.0941208      0.647937       0.257942
8    T   E    0.0933337      0.658913       0.247753
9    A   E    0.119624       0.678209       0.202167
10   A   E    0.109059       0.785349       0.105592
11   I   E    0.115916       0.762248       0.121836
12   L   E    0.191857       0.588709       0.219435
13   Q   E    0.28415        0.45661        0.259239
14   A   E    0.326647       0.407725       0.265628
15   Q   E    0.377601       0.424066       0.198333
16   L   E    0.264154       0.547482       0.188364
17   P   E    0.207347       0.584662       0.207991
18   I   E    0.0664063      0.618132       0.315462
19   T   E    0.0465728      0.613686       0.339741
20   E   E    0.0412525      0.517524       0.441223
21   A   E    0.0684358      0.506709       0.424855
22   Q   E    0.0968161      0.606665       0.296519
23   S   E    0.142511       0.66077        0.196719
24   F   E    0.152763       0.657103       0.190134
25   G   E    0.253721       0.598059       0.14822
26   L   E    0.236864       0.543215       0.219921
27   L   E    0.203061       0.56655        0.230389
28   D   E    0.202338       0.654134       0.143528
29   P   E    0.175512       0.724265       0.100223
30   K   E    0.149952       0.766901       0.0831468
31   L   E    0.0476153      0.830838       0.121547
32   C   E    0.0249293      0.920347       0.0547234
33   Y   E    0.0230997      0.934266       0.0426344
34   L   E    0.0355632      0.912082       0.0523549
35   L   E    0.0538973      0.86396        0.082143
36   D   E    0.114395       0.744628       0.140977
37   G   E    0.173604       0.705217       0.121179
38   I   E    0.1338         0.777579       0.0886217
39   L   E    0.0773676      0.82121        0.101422
40   F   E    0.0988569      0.757649       0.143494
41   I   E    0.0812881      0.755823       0.162889
42   Y   E    0.0655424      0.814944       0.119513
43   G   E    0.0800814      0.835387       0.0845317
44   V   E    0.0825305      0.848431       0.0690388
45   I   E    0.0513331      0.891141       0.0575256
46   L   E    0.0707357      0.863115       0.0661494
47   T   E    0.0896879      0.850355       0.0599571
48   A   E    0.0895196      0.844639       0.0658414
49   L   E    0.0732325      0.846332       0.0804357
50   F   E    0.0590386      0.86687        0.0740916
51   L   E    0.0549573      0.840224       0.104818
52   R   E    0.0975146      0.794943       0.107542
53   V   E    0.0800376      0.796782       0.12318
54   K   E    0.0810438      0.772833       0.146123
55   F   E    0.0925787      0.682145       0.225276
56   S   E    0.109218       0.643209       0.247573
57   R   E    0.211398       0.546141       0.242461
58   S   E    0.344344       0.503133       0.152523
59   A   C    0.455609       0.43083        0.113562
60   D   C    0.647045       0.25741        0.0955457
END
