Secondary Structure Prediction Output by cSVM (Part of BalancedSSP)
TARGET: P20963-1, Length: 60

SR#  AA  cSVM  pBeta  pCoil  pHelix
1    M   H     0.320  0.323  0.357
2    K   H     0.315  0.307  0.377
3    W   H     0.305  0.289  0.406
4    K   H     0.299  0.298  0.403
5    A   H     0.297  0.303  0.400
6    L   H     0.295  0.302  0.403
7    F   H     0.297  0.309  0.394
8    T   H     0.299  0.304  0.398
9    A   H     0.311  0.303  0.386
10   A   H     0.320  0.317  0.363
11   I   C     0.327  0.339  0.334
12   L   C     0.329  0.360  0.310
13   Q   C     0.328  0.382  0.290
14   A   C     0.331  0.393  0.276
15   Q   C     0.331  0.400  0.269
16   L   C     0.341  0.397  0.262
17   P   C     0.341  0.396  0.263
18   I   E     0.368  0.367  0.264
19   T   C     0.355  0.373  0.273
20   E   C     0.343  0.375  0.282
21   A   C     0.351  0.368  0.281
22   Q   C     0.352  0.372  0.276
23   S   C     0.342  0.377  0.281
24   F   C     0.344  0.378  0.278
25   G   C     0.332  0.396  0.272
26   L   C     0.343  0.390  0.268
27   L   C     0.325  0.404  0.271
28   D   C     0.324  0.406  0.271
29   P   C     0.345  0.392  0.264
30   K   C     0.337  0.394  0.269
31   L   C     0.342  0.364  0.294
32   C   C     0.348  0.363  0.288
33   Y   C     0.340  0.368  0.292
34   L   C     0.348  0.365  0.287
35   L   C     0.335  0.373  0.292
36   D   C     0.345  0.369  0.286
37   G   C     0.321  0.372  0.307
38   I   C     0.319  0.374  0.307
39   L   C     0.319  0.373  0.308
40   F   C     0.315  0.378  0.307
41   I   C     0.323  0.370  0.308
42   Y   C     0.325  0.366  0.309
43   G   C     0.323  0.373  0.304
44   V   C     0.322  0.381  0.297
45   I   C     0.321  0.373  0.306
46   L   C     0.329  0.374  0.297
47   T   C     0.341  0.367  0.292
48   A   C     0.336  0.367  0.297
49   L   C     0.332  0.369  0.299
50   F   C     0.349  0.362  0.289
51   L   C     0.338  0.375  0.288
52   R   C     0.331  0.395  0.274
53   V   C     0.322  0.405  0.273
54   K   C     0.326  0.387  0.287
55   F   C     0.321  0.382  0.297
56   S   C     0.317  0.386  0.297
57   R   C     0.322  0.394  0.284
58   S   C     0.326  0.395  0.279
59   A   C     0.325  0.397  0.278
60   D   C     0.329  0.400  0.271
