labels 4 2 1
4 0.430095 0.217904 0.352001
2 0.264669 0.482526 0.252805
2 0.199837 0.417113 0.38305
1 0.172754 0.404174 0.423072
1 0.188963 0.347126 0.463911
2 0.129403 0.467602 0.402994
2 0.0941208 0.647937 0.257942
2 0.0933337 0.658913 0.247753
2 0.119624 0.678209 0.202167
2 0.109059 0.785349 0.105592
2 0.115916 0.762248 0.121836
2 0.191857 0.588709 0.219435
2 0.28415 0.45661 0.259239
2 0.326647 0.407725 0.265628
2 0.377601 0.424066 0.198333
2 0.264154 0.547482 0.188364
2 0.207347 0.584662 0.207991
2 0.0664063 0.618132 0.315462
2 0.0465728 0.613686 0.339741
2 0.0412525 0.517524 0.441223
2 0.0684358 0.506709 0.424855
2 0.0968161 0.606665 0.296519
2 0.142511 0.66077 0.196719
2 0.152763 0.657103 0.190134
2 0.253721 0.598059 0.14822
2 0.236864 0.543215 0.219921
2 0.203061 0.56655 0.230389
2 0.202338 0.654134 0.143528
2 0.175512 0.724265 0.100223
2 0.149952 0.766901 0.0831468
2 0.0476153 0.830838 0.121547
2 0.0249293 0.920347 0.0547234
2 0.0230997 0.934266 0.0426344
2 0.0355632 0.912082 0.0523549
2 0.0538973 0.86396 0.082143
2 0.114395 0.744628 0.140977
2 0.173604 0.705217 0.121179
2 0.1338 0.777579 0.0886217
2 0.0773676 0.82121 0.101422
2 0.0988569 0.757649 0.143494
2 0.0812881 0.755823 0.162889
2 0.0655424 0.814944 0.119513
2 0.0800814 0.835387 0.0845317
2 0.0825305 0.848431 0.0690388
2 0.0513331 0.891141 0.0575256
2 0.0707357 0.863115 0.0661494
2 0.0896879 0.850355 0.0599571
2 0.0895196 0.844639 0.0658414
2 0.0732325 0.846332 0.0804357
2 0.0590386 0.86687 0.0740916
2 0.0549573 0.840224 0.104818
2 0.0975146 0.794943 0.107542
2 0.0800376 0.796782 0.12318
2 0.0810438 0.772833 0.146123
2 0.0925787 0.682145 0.225276
2 0.109218 0.643209 0.247573
2 0.211398 0.546141 0.242461
2 0.344344 0.503133 0.152523
4 0.455609 0.43083 0.113562
4 0.647045 0.25741 0.0955457
