labels 4 2 1
4 0.571989 0.368029 0.0599824
2 0.276032 0.690073 0.0338951
2 0.155129 0.797775 0.0470961
2 0.048339 0.926437 0.0252243
2 0.010655 0.980462 0.00888339
2 0.00367289 0.989703 0.00662437
2 0.00196964 0.993023 0.00500688
2 0.00358503 0.987686 0.00872927
2 0.0115919 0.962246 0.0261625
2 0.0538895 0.856515 0.0895957
2 0.105715 0.750536 0.14375
2 0.156039 0.731953 0.112008
2 0.239592 0.660275 0.100133
2 0.184476 0.675115 0.14041
2 0.0562814 0.772605 0.171113
2 0.0317088 0.872942 0.0953487
2 0.0273869 0.923817 0.048796
2 0.0126661 0.964611 0.0227231
2 0.00432306 0.98117 0.0145066
2 0.00929707 0.975767 0.0149357
2 0.0105002 0.968385 0.0211153
2 0.024171 0.952035 0.0237943
2 0.0300954 0.946942 0.0229623
2 0.0631124 0.907176 0.0297118
2 0.0770211 0.881156 0.0418228
2 0.10247 0.838598 0.0589318
2 0.169858 0.757554 0.0725881
2 0.200783 0.74359 0.0556277
2 0.104731 0.862964 0.0323049
2 0.0523702 0.92589 0.0217396
2 0.0287842 0.954976 0.0162396
2 0.0187051 0.940907 0.0403878
2 0.0158621 0.948747 0.0353904
2 0.0355204 0.908558 0.055922
2 0.0411928 0.891277 0.0675302
2 0.0223013 0.910065 0.0676334
2 0.0455374 0.870632 0.0838305
2 0.0682586 0.816928 0.114813
2 0.0430558 0.732678 0.224266
2 0.0444409 0.581342 0.374217
2 0.0556972 0.511749 0.432554
2 0.0689099 0.554496 0.376594
1 0.0710447 0.437091 0.491865
2 0.0271111 0.690729 0.28216
2 0.0209265 0.809931 0.169143
2 0.00754325 0.945326 0.0471312
2 0.00656382 0.971166 0.0222704
2 0.00922001 0.969549 0.0212306
2 0.007903 0.972638 0.0194588
2 0.00521732 0.985637 0.00914528
2 0.00464668 0.983688 0.0116649
2 0.0108925 0.976596 0.0125116
2 0.0235445 0.947418 0.029037
2 0.0349349 0.891327 0.0737381
2 0.0509611 0.821013 0.128026
2 0.0303402 0.853066 0.116594
2 0.0161331 0.903507 0.0803601
2 0.00772123 0.967581 0.0246974
2 0.030592 0.935856 0.0335516
2 0.348554 0.566494 0.0849514
