Secondary Structure Prediction Output by cSVM (Part of BalancedSSP)
TARGET: test_2, Length: 22

SR#  AA  cSVM  pBeta  pCoil  pHelix
1    A   C     0.311  0.373  0.316
2    E   C     0.304  0.356  0.340
3    K   H     0.303  0.339  0.358
4    N   C     0.311  0.351  0.339
5    L   H     0.295  0.328  0.377
6    T   H     0.299  0.326  0.375
7    D   H     0.296  0.312  0.392
8    L   H     0.284  0.302  0.414
9    G   H     0.283  0.310  0.407
10   K   H     0.288  0.313  0.398
11   F   H     0.302  0.328  0.370
12   C   C     0.304  0.361  0.335
13   G   C     0.306  0.375  0.319
14   L   C     0.320  0.372  0.308
15   C   C     0.315  0.381  0.304
16   V   C     0.339  0.355  0.306
17   C   C     0.321  0.367  0.312
18   P   C     0.321  0.369  0.309
19   C   C     0.318  0.379  0.304
20   N   C     0.321  0.393  0.286
21   K   C     0.326  0.392  0.282
22   L   C     0.326  0.404  0.270
