labels 4 2 1
4 0.743563 0.0138706 0.242566
4 0.592267 0.0326835 0.37505
4 0.510068 0.0573294 0.432603
4 0.525382 0.0733113 0.401307
1 0.28059 0.0707602 0.64865
1 0.337522 0.0839406 0.578537
1 0.27958 0.063364 0.657056
1 0.217041 0.0640912 0.718868
1 0.409255 0.0902789 0.500466
1 0.358959 0.189154 0.451887
2 0.267344 0.474378 0.258278
2 0.319311 0.529867 0.150821
2 0.37868 0.530277 0.0910424
2 0.231119 0.68808 0.0808011
2 0.158465 0.810021 0.0315149
2 0.126123 0.819521 0.0543556
2 0.384769 0.544071 0.0711607
4 0.476653 0.277684 0.245663
4 0.422328 0.232139 0.345532
4 0.60911 0.114928 0.275962
4 0.668051 0.104201 0.227748
4 0.655811 0.112277 0.231912
