labels 4 2 1
4 0.781124 0.0808825 0.137993
4 0.647044 0.174135 0.178821
4 0.493435 0.286662 0.219903
2 0.168744 0.435867 0.395389
2 0.0798121 0.677349 0.242839
2 0.0210855 0.886116 0.092798
2 0.0123343 0.967517 0.0201489
2 0.0170031 0.967133 0.0158639
2 0.0494302 0.926856 0.0237135
2 0.0638893 0.910481 0.0256292
2 0.043195 0.930768 0.0260373
2 0.0464775 0.932835 0.0206873
2 0.0538128 0.915008 0.0311792
2 0.0946021 0.828408 0.0769899
2 0.0863668 0.790201 0.123433
2 0.0532741 0.819747 0.126979
2 0.0742901 0.800093 0.125617
2 0.0711686 0.812282 0.116549
2 0.0613861 0.820632 0.117982
2 0.0969685 0.751376 0.151655
2 0.0764474 0.553106 0.370447
2 0.0765107 0.598035 0.325455
2 0.109099 0.593537 0.297365
2 0.172266 0.593934 0.2338
2 0.234934 0.588051 0.177015
2 0.207635 0.645114 0.147251
2 0.178502 0.649783 0.171715
2 0.123574 0.716558 0.159868
2 0.0831313 0.777958 0.138911
2 0.0866928 0.764032 0.149276
2 0.0589381 0.77392 0.167141
2 0.124723 0.645222 0.230054
2 0.125293 0.495168 0.379539
2 0.198594 0.495684 0.305722
4 0.384646 0.370325 0.245028
2 0.388382 0.428953 0.182665
2 0.351715 0.495315 0.15297
2 0.312949 0.54442 0.142631
2 0.193863 0.674822 0.131315
2 0.2334 0.642764 0.123837
2 0.21055 0.69962 0.0898299
2 0.251524 0.687571 0.0609053
2 0.351658 0.587567 0.0607753
2 0.323223 0.570058 0.106718
2 0.346324 0.508752 0.144924
4 0.414169 0.405854 0.179977
2 0.339235 0.494576 0.166189
2 0.306808 0.574201 0.118991
2 0.265582 0.617837 0.116581
2 0.302682 0.555733 0.141585
2 0.258499 0.498565 0.242936
2 0.169115 0.566214 0.264672
2 0.176308 0.572629 0.251063
2 0.18318 0.516714 0.300107
2 0.199479 0.469494 0.331028
2 0.227088 0.484352 0.288561
2 0.268872 0.48122 0.249908
4 0.482436 0.40758 0.109984
4 0.62769 0.307651 0.064659
4 0.7851 0.16144 0.0534597
