labels 4 2 1
4 0.75798 0.188529 0.0534907
2 0.446108 0.487405 0.0664866
2 0.373836 0.492653 0.133512
2 0.154858 0.504933 0.340209
2 0.151815 0.443223 0.404962
1 0.114374 0.335021 0.550605
1 0.139591 0.393045 0.467364
1 0.12424 0.373066 0.502694
1 0.206531 0.258407 0.535062
1 0.206861 0.283537 0.509602
2 0.225487 0.402238 0.372276
1 0.148026 0.417854 0.43412
1 0.210253 0.366621 0.423126
1 0.160321 0.419387 0.420292
2 0.268675 0.392344 0.338981
2 0.196785 0.559559 0.243656
2 0.170514 0.686411 0.143074
2 0.0896812 0.773013 0.137306
2 0.0496217 0.838792 0.111587
2 0.0587241 0.815188 0.126088
2 0.04871 0.807541 0.143749
2 0.0602228 0.813077 0.1267
2 0.0810548 0.760928 0.158017
2 0.0938987 0.764324 0.141778
2 0.127012 0.77968 0.0933079
2 0.115471 0.808452 0.0760766
2 0.120668 0.80742 0.0719116
2 0.138331 0.803293 0.0583759
2 0.109294 0.845672 0.0450347
2 0.130737 0.826639 0.0426238
2 0.109694 0.844951 0.0453548
2 0.129266 0.772184 0.0985496
2 0.136265 0.749704 0.11403
2 0.166284 0.676833 0.156884
2 0.165439 0.615248 0.219313
2 0.143509 0.621172 0.235319
2 0.114796 0.604505 0.280699
2 0.121078 0.673524 0.205398
2 0.180817 0.670084 0.149099
2 0.187237 0.702631 0.110132
2 0.0992621 0.797453 0.103285
2 0.0984944 0.841833 0.0596726
2 0.102859 0.854704 0.0424369
2 0.111232 0.850656 0.0381118
2 0.122342 0.849256 0.028402
2 0.164699 0.80039 0.0349111
2 0.160666 0.816112 0.0232214
2 0.104246 0.868988 0.0267658
2 0.0920906 0.881716 0.0261932
2 0.119805 0.850737 0.0294584
2 0.167948 0.787996 0.0440566
2 0.112826 0.856801 0.0303726
2 0.111089 0.858663 0.0302473
2 0.147949 0.805181 0.0468695
2 0.23089 0.671305 0.0978046
2 0.208323 0.676929 0.114748
2 0.30785 0.603393 0.0887568
2 0.391633 0.546721 0.0616462
4 0.541845 0.407646 0.0505083
4 0.71716 0.215758 0.0670824
