Secondary Structure Prediction Output (Part of REGAd3p ASA Prediction)
TARGET: P51946, Length: 60

SR#  AA  SSp  pCoil          pBeta          pHelix
1    M   E    0.298388       0.626098       0.0755141
2    Y   E    0.053873       0.925302       0.0208246
3    H   E    0.0730165      0.883765       0.0432181
4    N   E    0.0745766      0.836168       0.0892551
5    S   E    0.0678584      0.842028       0.0901138
6    S   E    0.0627335      0.86473        0.0725362
7    Q   E    0.057562       0.884852       0.0575855
8    K   E    0.0547056      0.889861       0.0554334
9    R   E    0.04428        0.918049       0.0376706
10   H   E    0.00748319     0.97779        0.0147273
11   W   E    0.00208026     0.994773       0.00314671
12   T   E    0.00182941     0.996052       0.00211893
13   F   E    0.00290685     0.991938       0.0051553
14   S   E    0.0208809      0.957029       0.0220897
15   S   E    0.0558303      0.883031       0.0611388
16   E   E    0.0476084      0.888497       0.0638941
17   E   E    0.0823817      0.856187       0.0614308
18   Q   E    0.105832       0.822941       0.0712268
19   L   E    0.107968       0.724611       0.16742
20   A   E    0.133988       0.643159       0.222853
21   R   E    0.166272       0.598932       0.234796
22   L   E    0.13438        0.637695       0.227925
23   R   E    0.106011       0.767344       0.126645
24   A   E    0.124845       0.613735       0.26142
25   D   E    0.159497       0.630201       0.210302
26   A   E    0.173584       0.604127       0.222289
27   N   E    0.240217       0.550282       0.209501
28   R   E    0.174596       0.614203       0.211201
29   K   E    0.0962397      0.804545       0.0992155
30   F   E    0.0330719      0.858993       0.107935
31   R   E    0.0441209      0.865815       0.0900639
32   C   E    0.076644       0.81302        0.110336
33   K   E    0.127929       0.803969       0.0681015
34   A   E    0.120972       0.831732       0.0472957
35   V   E    0.146459       0.802016       0.0515249
36   A   E    0.204712       0.7202         0.075088
37   N   E    0.286727       0.650689       0.0625835
38   G   E    0.269          0.680009       0.0509913
39   K   E    0.297321       0.673985       0.0286936
40   V   E    0.210074       0.77157        0.0183562
41   L   E    0.269819       0.711893       0.0182881
42   P   E    0.312701       0.669659       0.0176398
43   N   E    0.31635        0.6656         0.0180491
44   D   E    0.251631       0.728958       0.0194108
45   P   E    0.182505       0.805775       0.0117202
46   V   E    0.0685515      0.921582       0.00986638
47   F   E    0.0437413      0.947683       0.00857526
48   L   E    0.033936       0.954751       0.0113127
49   E   E    0.0615247      0.92422        0.0142548
50   P   E    0.0629028      0.919447       0.0176498
51   H   E    0.0368338      0.952739       0.0104269
52   E   E    0.0182741      0.976532       0.00519425
53   E   E    0.0254218      0.968417       0.00616096
54   M   E    0.0509238      0.939443       0.00963357
55   T   E    0.0728668      0.908445       0.0186884
56   L   E    0.0769391      0.87081        0.0522506
57   C   E    0.0979029      0.838656       0.0634406
58   K   E    0.204388       0.717164       0.0784482
59   Y   E    0.190382       0.754024       0.055594
60   Y   E    0.190889       0.760918       0.0481926
END
