labels 4 2 1
2 0.298388 0.626098 0.0755141
2 0.053873 0.925302 0.0208246
2 0.0730165 0.883765 0.0432181
2 0.0745766 0.836168 0.0892551
2 0.0678584 0.842028 0.0901138
2 0.0627335 0.86473 0.0725362
2 0.057562 0.884852 0.0575855
2 0.0547056 0.889861 0.0554334
2 0.04428 0.918049 0.0376706
2 0.00748319 0.97779 0.0147273
2 0.00208026 0.994773 0.00314671
2 0.00182941 0.996052 0.00211893
2 0.00290685 0.991938 0.0051553
2 0.0208809 0.957029 0.0220897
2 0.0558303 0.883031 0.0611388
2 0.0476084 0.888497 0.0638941
2 0.0823817 0.856187 0.0614308
2 0.105832 0.822941 0.0712268
2 0.107968 0.724611 0.16742
2 0.133988 0.643159 0.222853
2 0.166272 0.598932 0.234796
2 0.13438 0.637695 0.227925
2 0.106011 0.767344 0.126645
2 0.124845 0.613735 0.26142
2 0.159497 0.630201 0.210302
2 0.173584 0.604127 0.222289
2 0.240217 0.550282 0.209501
2 0.174596 0.614203 0.211201
2 0.0962397 0.804545 0.0992155
2 0.0330719 0.858993 0.107935
2 0.0441209 0.865815 0.0900639
2 0.076644 0.81302 0.110336
2 0.127929 0.803969 0.0681015
2 0.120972 0.831732 0.0472957
2 0.146459 0.802016 0.0515249
2 0.204712 0.7202 0.075088
2 0.286727 0.650689 0.0625835
2 0.269 0.680009 0.0509913
2 0.297321 0.673985 0.0286936
2 0.210074 0.77157 0.0183562
2 0.269819 0.711893 0.0182881
2 0.312701 0.669659 0.0176398
2 0.31635 0.6656 0.0180491
2 0.251631 0.728958 0.0194108
2 0.182505 0.805775 0.0117202
2 0.0685515 0.921582 0.00986638
2 0.0437413 0.947683 0.00857526
2 0.033936 0.954751 0.0113127
2 0.0615247 0.92422 0.0142548
2 0.0629028 0.919447 0.0176498
2 0.0368338 0.952739 0.0104269
2 0.0182741 0.976532 0.00519425
2 0.0254218 0.968417 0.00616096
2 0.0509238 0.939443 0.00963357
2 0.0728668 0.908445 0.0186884
2 0.0769391 0.87081 0.0522506
2 0.0979029 0.838656 0.0634406
2 0.204388 0.717164 0.0784482
2 0.190382 0.754024 0.055594
2 0.190889 0.760918 0.0481926
