Secondary Structure Prediction Output by cSVM (Part of BalancedSSP)
TARGET: P51946, Length: 60

SR#  AA  cSVM  pBeta  pCoil  pHelix
1    M   E     0.341  0.325  0.333
2    Y   H     0.345  0.288  0.367
3    H   H     0.348  0.264  0.387
4    N   H     0.334  0.264  0.402
5    S   H     0.331  0.275  0.393
6    S   H     0.321  0.291  0.388
7    Q   H     0.326  0.302  0.373
8    K   H     0.326  0.329  0.344
9    R   E     0.343  0.325  0.332
10   H   E     0.376  0.306  0.318
11   W   E     0.417  0.298  0.285
12   T   E     0.412  0.320  0.268
13   F   E     0.392  0.335  0.274
14   S   C     0.355  0.369  0.276
15   S   C     0.335  0.391  0.274
16   E   C     0.329  0.394  0.276
17   E   C     0.330  0.395  0.275
18   Q   C     0.332  0.397  0.271
19   L   C     0.350  0.382  0.269
20   A   C     0.345  0.382  0.274
21   R   C     0.340  0.382  0.278
22   L   C     0.339  0.376  0.285
23   R   C     0.331  0.383  0.286
24   A   C     0.337  0.369  0.294
25   D   C     0.336  0.375  0.289
26   A   C     0.333  0.366  0.301
27   N   C     0.336  0.369  0.295
28   R   C     0.327  0.368  0.305
29   K   C     0.335  0.373  0.292
30   F   C     0.336  0.348  0.317
31   R   E     0.373  0.339  0.287
32   C   E     0.364  0.347  0.289
33   K   E     0.364  0.362  0.274
34   A   E     0.372  0.356  0.273
35   V   C     0.354  0.370  0.276
36   A   C     0.347  0.374  0.279
37   N   C     0.344  0.376  0.281
38   G   C     0.340  0.385  0.275
39   K   C     0.354  0.383  0.263
40   V   C     0.341  0.393  0.265
41   L   C     0.331  0.407  0.262
42   P   C     0.339  0.402  0.258
43   N   C     0.346  0.400  0.254
44   D   C     0.338  0.400  0.262
45   P   C     0.350  0.390  0.261
46   V   E     0.391  0.358  0.251
47   F   E     0.394  0.352  0.254
48   L   E     0.384  0.356  0.260
49   E   C     0.346  0.390  0.264
50   P   C     0.338  0.396  0.266
51   H   C     0.338  0.398  0.264
52   E   C     0.342  0.394  0.264
53   E   C     0.332  0.402  0.266
54   M   C     0.346  0.385  0.269
55   T   C     0.340  0.379  0.281
56   L   C     0.351  0.369  0.280
57   C   C     0.350  0.368  0.282
58   K   C     0.329  0.389  0.281
59   Y   C     0.338  0.382  0.280
60   Y   C     0.343  0.383  0.274
