labels 4 2 1
2 0.307769 0.540117 0.152115
2 0.100064 0.813343 0.0865922
2 0.0743462 0.856303 0.0693512
2 0.0446586 0.916759 0.0385826
2 0.0566374 0.895581 0.0477821
2 0.0429057 0.86323 0.0938646
2 0.0633167 0.827829 0.108854
2 0.094461 0.824372 0.0811669
2 0.197695 0.741805 0.0605004
2 0.092592 0.857186 0.0502218
2 0.08781 0.880549 0.0316411
2 0.13319 0.824155 0.0426553
2 0.0662883 0.89241 0.0413017
2 0.0386573 0.927872 0.0334711
2 0.0821716 0.871083 0.0467452
2 0.142021 0.826311 0.031668
2 0.09155 0.855165 0.0532849
2 0.11898 0.82126 0.0597597
2 0.0981756 0.824318 0.0775066
2 0.0730078 0.860197 0.0667957
2 0.0849915 0.784463 0.130545
2 0.0655054 0.722185 0.21231
2 0.0750846 0.698886 0.226029
2 0.0976538 0.66645 0.235896
2 0.157372 0.580855 0.261773
2 0.196329 0.611017 0.192654
2 0.258344 0.588596 0.15306
2 0.329495 0.489742 0.180763
2 0.384371 0.46953 0.146099
2 0.292923 0.503708 0.203369
2 0.353867 0.46468 0.181453
2 0.22035 0.507745 0.271905
2 0.159538 0.689031 0.151431
2 0.129204 0.673108 0.197688
2 0.253511 0.594558 0.151931
2 0.239052 0.580098 0.18085
2 0.27717 0.624137 0.0986923
2 0.446726 0.480283 0.0729908
4 0.483319 0.476864 0.0398171
2 0.426228 0.546615 0.027157
2 0.432788 0.539471 0.0277405
2 0.383526 0.581457 0.0350173
2 0.292038 0.652096 0.0558664
2 0.326045 0.618632 0.0553234
2 0.313438 0.612664 0.0738977
2 0.344059 0.590507 0.065434
2 0.327388 0.542329 0.130283
2 0.34321 0.539952 0.116839
4 0.45956 0.409305 0.131136
4 0.507981 0.333308 0.158712
4 0.571369 0.298844 0.129787
4 0.615963 0.294538 0.0894996
4 0.573093 0.348781 0.0781258
4 0.53562 0.391523 0.072857
4 0.500789 0.450604 0.0486072
2 0.446843 0.49934 0.0538172
2 0.431283 0.522764 0.045953
4 0.494791 0.459817 0.0453919
4 0.656881 0.301093 0.0420261
4 0.825869 0.122716 0.0514147
